0.3204542667881211
-3.3547836644246773
-0.02135109575059335
1.1652564094976718
-1.2101800294856864
-0.9746917070500322
-0.7861520822396932
-0.6803963620610715
-0.6687773454333272
1.7788828615394159
-1.4017202466253562
-0.29374754956205634
-0.4625146193652836
-1.0353511192569695
-0.7633425765150865
0.7261122076800054
-0.08418610895005617
0.7683253446596855
-1.883328893560512
0.36507024709556685
-1.5358304471662583
-0.8134625095569878
0.949352329606894
-0.8030537723312281
-0.12728100333860046
0.628666558199372
-0.3922948432232783
-1.7630618644862046
0.1773293947540525
0.2267224919842469
-0.3571165831381477
-1.4531613026990458
-0.8905069516179679
-0.7979525817504456
-0.718185307895539
-0.4979759975810227
0.308781045240271
-1.087255973078816
-0.7593701713445081
0.9270876091650007
0.6550866297466674
1.5060853113006452
-0.35482276432934184
-0.8915245339484474
-1.1825006496114796
-1.5857565883916316
1.3562410591415661
0.06005955896815802
-0.7047576182338847
0.6640054050243833
2.64517540443436
0.6713941195686298
-0.458930581719209
-0.6212531577926955
1.1306031407650383
-0.23498772206815371
0.45718454008995735
-0.9361283449701324
0.9564349554605011
2.13082988077369
0.5952360262564024
-1.9937552392701603
2.069845427514217
0.29151704266949724
0.3382734338498744
1.210554275543522
-2.37152830960706
0.012334499890677711
0.8697769091707751
-0.05714984388149581
0.49958718772240696
0.3495177067310361
-0.6495730016242676
2.0967422167134036
-0.47655127434170236
-0.5425557175772281
-1.0265274491266216
2.665014543787257
0.254417060342316
-0.1416431341130256
-1.4313800801889602
-0.07826296626512586
1.0808287709080264
0.48553544042411084
-0.24376031501767373
1.1414280344358094
-0.6239612215414327
0.6378949591698504
1.0125565884019365
0.3200284420430706
0.06645355140455465
2.0245830453769518
-0.5850804126128406
0.25202241864078806
-0.9300818715590449
-0.8679142057123878
-0.12746396713361793
-2.328784917724969
-0.1250964605313804
0.2733214001555288
-1.1597473410089707
1.1904093763719539
-2.4742829830337354
0.9398175473435394
-0.050883775292849744
-0.41297004469520093
-1.3224069364867148
-0.19664451223323712
-1.7472488092777942
0.47766067395923395
1.5411092195289544
0.4942396253153038
-0.7027214775956303
-0.8152286470489779
-1.074616960510207
0.8207888349770628
0.9714849297667606
-0.6024869108914412
1.0542000522189492
-0.7095939236355757
-1.165559141260174
-0.6396413142738644
1.4474965190466262
-0.43761006018757315
0.19685977881265954
-0.5069106978562722
-0.5537786746180001
-0.6478154084157489
0.5438001208778719
-1.13393904083276
-0.49106557815281576
0.2617147271902496
0.8539995041509751
1.279889981297237
-0.009760819055954752
-0.02891878101208697
0.6965354588974572
0.5245188017712915
-1.9866535203460594
-1.5500947972125676
-0.5228683422788609
-0.38137515858142024
0.29825521939073246
0.24668283836746707
-0.8001992744895698
0.8132289356959688
2.5395447159178395
-1.1726123613955142
0.2728186031534668
0.4630864625686584
-0.9277643994666251
-0.6805428230665403
0.0020074919073540466
0.5039079847888
-0.9320173846836038
-0.1437092857054138
-0.3211673564740456
-1.4387402087157215
0.21290246406767105
0.9575853132584611
0.19914022780226187
-0.37347002052818057
0.37146709738384603
-0.605130650696242
-0.2949630209008267
1.3839525632628724
0.343914896323208
2.206731757685228
-1.2371298166574218
-0.9344228544725045
0.7626569010877411
0.19337419754725726
1.5864960297442876
0.19540659500716742
1.936143398956987
0.624668312224612
-0.04919772544180498
-0.8453658664865921
-0.10977939200165975
0.6271815523613617
-0.6004575023575367
0.3698704487435564
0.6562536998708497
-0.9278913767044026
0.8338299441120159
0.6377256532758999
0.5255173055594515
-2.6158222023568225
0.49153321400805616
0.573885463935233
-1.851856826241279
-0.026347761649101763
-0.06320130269935313
-1.2429779764457547
0.8266977641399076
1.2527981202038243
-0.8116974742440063
0.9700636302200875
0.7691618469621723
0.17516370007411655
-0.15888088699772576
1.4051966825711435
1.4040195415986607
-0.9145355711698607
0.23345688642483906
0.5625664469432236
1.3854500785875252
0.3273809189037924
1.60951542816308
1.6591634611264234
-0.94417200157465
-0.3437762022425642
-0.16927529501143043
0.10140439279466362
-0.6153828587736403
0.3916788329098093
0.06927379689610517
-0.03549771900345409
-0.31840240313211204
0.34435020579043113
0.8923617457017541
-0.4249999084961469
-0.10570772270614
-1.1506068699046064
-0.36531341282261026
0.3124929423110824
-1.2098227525393745
0.0035445060837014444
0.7607239159533854
0.8556974208232475
0.5340350434350571
-0.07021156569980895
1.1652013512608825
-0.5136297419802893
0.2274853892817421
0.7316136335249586
2.206475877019545
-0.054795170470972564
0.023019245859406283
0.7656712871790038
0.6731120252728714
-0.38783158119976385
0.14165940180357217
-0.32803376496874515
0.35014008196540664
-0.9233245738285563
0.11280215847837721
1.220938922562911
0.6125967308686684
2.5150008335994487
0.4881739009487083
0.7026102146949454
0.01674413910752211
-0.06342766031423173
-0.5170415411524304
0.015065359313952495
-0.0500804402171673
1.9980413681632823
-0.1776249694529927
-0.22995896863453502
1.0069412398468855
0.6216762386736422
1.0527606110989058
-0.08365294422324618
-0.43358966075741423
-0.21199317087712183
-1.281068512308691
1.0399160025664922
0.4708121135310736
1.1569513322792802
-1.8863883033506297
1.0180728936478873
-0.6253842182013666
-1.219691482129618
0.01659580192590524
-1.408643084762759
-1.3741552077327088
-1.6481425584175682
1.3066873317236536
-1.070737694640333
0.846207607685015
1.336605793196399
0.4015436285140823
1.0322427213646725
-0.9986605344984404
0.450904961558781
0.4026706841506083
0.41402547868771444
0.3422553192954075
0.0879106120023342
1.0363353965901259
0.44997962252510587
0.22316785958944851
0.12743079247948433
0.24121562479306785
-0.39902996503533916
-0.48917329375256746
-1.3435151691558624
-0.5050568031029253
-0.5069928100787494
-0.7131971218390114
-0.41910685837905226
-2.2852798416472466
-0.9004218526991055
1.1836326669939174
0.3442161520394318
-1.9680772760659782
-0.226925263324071
0.7939512274593473
-1.6949701001755495
1.258723914886001
-1.984426435741216
0.14544333042527
0.5694587580263457
-0.04126386974081039
-0.052222473544480355
0.9119366908967373
-0.3513923562686385
1.1954375709712226
1.285952250391659
-1.799476440380443
-1.1007901713091297
-1.5819798943715362
1.2964631696682116
1.2804349614350936
0.628249437360683
0.5587193416370775
-1.261836495518969
-1.637720288522025
0.4519934990452057
-0.6707970848470997
-0.7604862064064545
0.3483876786469655
-0.7283591544036025
-1.950004977059046
-0.017085754402932415
1.4849208801902505
1.339955001955588
-0.4855866954159996
1.8250780271253333
-0.4024686353031099
0.6937564481335059
-0.38482790584200277
-0.3965314767120778
-0.3182916444277039
0.2336512704402432
-0.31294944407416175
-0.7266062544841959
0.3291977580240498
0.5878398202735144
1.3039533351118022
-0.7004418540018287
-0.12035208767270879
0.6063682834676181
0.8878744492733632
0.0572193231340049
0.8148663772284612
-0.20023498730647232
0.9979315750897024
-0.05094390442601592
0.6540107424251892
-0.7578428776591896
-0.16421354745539704
-0.5462122328227298
0.8386485763279331
0.2921614718741638
1.2679409436210667
-0.19413048251512183
-0.7524533896526524
0.43417912912851336
1.2704334801428034
0.558001524267864
-1.9570508105890627
-1.64969730686437
1.0865776960116325
0.6811688907492264
0.29406948378657843
-0.07511727040535865
-1.1065309116765307
-0.45898961333847016
-1.36923222620754
-1.015752814275031
0.6442365190254414
0.7558682062018593
0.3963376885166421
1.7736897300819767
0.34011562297353437
-1.268971481855873
-0.3789969008481855
-0.6880783683714813
1.245290665811103
-0.7157079669442408
0.8238546843453808
0.852519445816606
-0.5728825265406825
0.9316880661078684
-0.10517361954752567
-0.5869398008193493
0.4328626174113462
0.7291097377486868
1.5434906963768853
0.9191122864326775
-0.3773708601918683
1.4891354489163364
-0.9889575375867043
1.3124463094404928
-1.3032917646694797
-0.8916968377479325
-1.1142668758713359
0.3973031682623199
0.11297227460670593
0.2777967719514695
-0.8756924622896671
0.32907028466079613
0.6164837192884927
0.6686716893785146
-0.48736157826387855
-0.8167232798261632
-0.4230178142565678
-1.9930828511104763
1.2064617167970635
0.04723971826182464
0.6489086987634052
-1.0975701257781276
-0.17852817716402838
-0.6820802045404201
0.3823426008971076
-0.6868535460275041
0.06012501906112773
-0.9264101605140068
-0.17383717418577233
1.2361783122115448
-0.5426545404919801
0.1671959941943774
1.2449688995393684
1.543875352229975
1.1568310685954548
1.3776046020927575
2.2260846628665574
-0.07674598218965499
-0.9406378954842811
-0.8226852567155398
1.6250288636633585
-1.1391117301535127
-0.2601198415802392
1.5383678785678259
0.00028197910828652283
1.439905106515647
0.42362420043974447
0.336561133900729
0.20772363532010524
0.24274419351992665
-0.4294590419144894
0.9242006610595934
0.6030713520910965
0.8613614693195959
-1.2388976833109722
1.430013102210828
-0.1355944095368307
-0.2316320004684152
-1.2946478157306631
0.0010545165043157874
1.2322085820576587
-0.9975666215202501
0.9037420620717515
0.1834367637558971
2.4336256684837068
0.2660289066632585
-0.09297538297841233
-0.5431795560108891
0.36409794254683414
0.4911221125650564
0.9637938303970685
0.6062591430629796
0.5469823997288749
0.931542936236466
0.6093182282772447
-0.44769715328657556
-0.44168137294203474
-1.1038663812607417
1.1737539521568114
-1.5751342619698843
1.142656599660179
-0.7782307646332168
0.6271805285234632
-1.17109406925452
-0.5309594344158078
0.11854083759371069
-0.5146399190358479
-0.09912449468202335
0.5614611520058852
0.20648992501825159
-0.29304551605215984
-0.3496831924468753
-0.19935894099643842
0.174399127191115
-0.07756269143376683
0.7521466567218172
-1.0117394617239395
-0.13574002556279394
-0.14078420068428052
0.6999507412058967
-0.3226920941099725
0.3674842399131627
0.08335165047857583
1.3753683331022406
-0.9358125839294482
1.4630587544979365
0.10174569114336611
-1.7323329403525096
1.142020438497639
0.17447868536491276
-2.2480861157132086
-1.0248038233632177
0.407521926996567
0.24272177042375193
0.851521887688679
0.32419088712939675
0.30478546129386486
-1.0374317447332448
-0.20341026063612447
0.3182756731400974
-1.1023879791301516
-1.2711299990866047
-1.2403528130613664
0.22053623792506125
-0.09432917655127333
-0.5741568770612012
-0.5409976227419544
-0.5903292609465001
0.3661033597656072
0.5928077897179032
0.9274583693527148
2.060999714124742
-0.6303365912171983
-0.13369392805084837
0.26449610227178433
0.8064022996955038
0.8735353638570689
0.28479829194523487
1.3602036082860922
-2.0088277186396573
1.8739175960209407
0.8851540458483086
-1.3005229275341856
0.6520817221941863
-0.6853611524491618
0.6028245163317194
0.9899447615975336
0.769820954574757
-0.04755115599273179
1.4124881900451067
-1.1082567874932727
-1.288205347908376
0.7881076205831635
-1.7519675524438658
0.07385849910074513
-1.9222969343385214
0.8832372066014921
0.0003686231479382276
-0.6615304424034274
0.7637401329773457
0.0859808020207164
1.105783925731902
-1.8472197123643341
-0.4778654427170609
-0.7971632509514824
1.1155986264429658
-0.1605339550492419
-0.8925512886885292
-0.34045869715615573
-0.3048860923899918
-0.04483137550354188
-1.1890469019614007
0.13638267765353826
-1.4544276850272961
0.26611178689549664
0.841137043838656
-1.6929646765046629
-0.12760455997570783
-0.017775372119144633
-0.8073505249856632
0.27683486102241295
-0.3757158802055133
0.8441048970033341
-0.20419314855049278
-1.052799978379776
1.1071826005901078
-0.12856515872106763
0.6982914160394661
1.4609149771952248
-2.1249590963866063
-1.8667383338614547
0.20750472027581413
0.02127273530533259
0.8730306602217328
1.7897792361563012
-1.094733094029065
-0.2225064749319565
-0.07317821372764509
0.11364715840406095
-0.24836157055474467
-0.39925086679271976
-1.2440501962993518
-0.19350502305571568
-0.6389536664569246
1.2777933795669276
-1.7035600059897236
0.9190359825233803
1.1376804184935214
0.3640576963966853
2.667765949593871
0.19117660447269338
0.1805789066118573
-0.9712874400661063
1.6093359798504738
-1.0632855211949355
0.9109783733853118
-0.3601767230151843
-0.18104160418538118
-0.23542708586637118
0.11467134723872437
0.0841931823820004
-1.579936001685161
0.6565296077691949
1.1590798847083954
-0.7415582533303988
0.9904126780119945
0.7571675500943383
0.7731261737623564
0.8214539994723331
-0.32178088964674106
0.9627937687816644
1.886748784170195
-0.9093471261936726
-2.4723336726583773
0.14635860373131468
-2.659781400140046
-1.6166880773638486
0.7624159685830921
0.11786445936605335
1.8041627263533768
-0.5102471786053125
1.2532212042848248
0.8597335351468244
-1.2653104131928095
0.15849548659628043
0.13393880625389518
0.10569518941767282
0.3159498782373426
-0.8375391048470748
1.2912202825810082
-0.7527719278674817
-1.5763846090144247
-0.5409317438578656
0.9238162289921252
-0.4746533858852031
1.431198230201772
0.6525380474048396
1.68115431667483
0.9685713800439444
0.11311086458983124
-0.2797921371853176
-0.10205037003091157
1.2739395289471689
-0.09331911187256947
-1.1594611653896687
-0.44751715239411366
-0.10494975796713217
0.1611744297611054
-0.22275361621473794
-1.5521870806591536
-1.5697312470703755
0.8763416293570339
1.8533799756476441
-0.42813305334755225
0.12973647389598433
1.3418832857316978
-0.9917079645167556
-0.25692215896641246
-0.8302586157345765
-1.259555580310279
-0.047496011975181406
-1.186816505164652
-1.413469696716363
1.1198246158128948
0.7347285221499363
-0.723952168892168
0.1790393779474144
1.025118096875901
1.0888111605269761
0.5315112550186063
-1.6602320275538358
0.4534279246481266
0.26012244622674685
0.1440257567617603
1.2127617751818998
-1.7171766475719212
0.22197223114840517
-0.16863084851776827
0.1827938823642351
-1.3712923743746075
-1.0435486392992483
0.563212920985404
-0.39125830530118444
-2.28783791409044
-1.5712421087173791
-0.5199336393596335
0.7552377398098983
-0.8556151485451877
-0.8772570696417454
-0.5222950660329373
-0.06357633064313392
-0.46248872917463535
-0.843032147916367
1.016780397512585
1.9138185052058023
1.4517806865826623
-0.2905766426183807
-0.3946768414881962
1.565428471901819
-1.2787126238344293
0.6413095202009043
-1.185174145790387
-1.4173616940262876
1.1303386257900254
0.10261492993618469
1.1271586520418857
0.06269361161545109
-1.109402530515371
2.0295970597644746
-1.0306982117168721
0.1921641396130991
-2.087923086548956
1.5590177878398184
0.2638159836227514
-1.825001800673413
-1.9846522337336618
0.22287159252371377
0.4063185205530908
1.0602950313471988
-0.3384733298869725
-1.4779652942012982
0.6392215364220365
-1.154184752264859
-0.4817180781365416
-1.1814127216943702
1.53414860980541
-0.9889826147759015
1.6410801985223062
0.9682400749654607
-0.9046526222063527
0.37143333086311797
-0.08413429041702732
-1.698808460757977
0.3963200787666975
0.4039091751218193
-0.9541965449972615
-0.3673195148918512
0.3586290113046322
-1.7681320215094551
0.2636425489096727
-1.2368470653683685
-0.2934104738840774
0.31294365448283823
0.24605099992921198
0.5512991615469818
0.2083708939170046
0.5617588392222777
1.0678700723187216
2.0587699984217944
1.0965198438440356
-1.164318685563292
0.41531593478674206
-1.5637324140039608
0.7649878105681253
0.8143227417192638
-0.922736530123996
0.5012294215019256
-1.5031637890536553
0.5054614080521159
1.3628135540802424
0.4331619023252962
-1.525759041685259
-1.3564480834170074
0.6788024860556123
-1.149413331186742
-0.17148554451175868
0.3891609789208497
0.11677176219614169
-1.2564356783720618
-0.9716117125710744
0.05590852780589678
-0.8757730666485561
-0.3178911333242235
-1.0902329600113183
-1.2679718825376196
0.693425270808177
-0.9450409733253219
0.2578005122046966
-1.9047911380150087
-0.8209156644266743
2.0396352711493235
-0.37705758405355044
0.5570013618122128
1.5677026917814323
-0.2200287741057135
-0.9293603453053104
-0.4607191005210964
-0.3462842450432898
-0.06344235578272772
0.17534704883629212
0.12873330966771007
0.43738763337494285
-0.38811903405835924
-1.405648584199412
-1.090926512341888
1.2381125335913334
-0.5707381833311622
-0.1591592357487424
2.150744555746641
0.5416223544940932
1.5033920287236966
-0.18235771332218065
-2.0015027410290416
1.9905564842501067
0.2576714994471313
-0.025235780534076185
-0.10477126722952239
-1.5199990950048503
0.7034805094036118
-1.5007054704659684
-1.6855823857585424
-1.3054264786489336
1.4564903036144206
-1.169742537023569
1.107318036770675
1.079786693632962
0.6163364689761061
-0.6700987663430943
2.3019749180915796
0.16746644076888004
2.094019396926992
-0.7216111001424801
0.6913986642801389
1.0524883255163768
0.2139427523823754
-1.288953764650005
0.09883921452949591
0.6546954501190171
0.5202479387727723
-0.1284694471583794
1.3485191414276705
0.3569608289115804
-0.9135647242634675
-1.148319303458758
-0.863494494258018
-0.19094276591593567
0.14025275687362562
-0.9656392461726957
0.007697597534949341
-0.6195255166226301
-1.1679565851725386
-0.16434451189861046
-0.049912488813659214
0.3454239030682992
0.21455018072576876
-3.0565864853703775
-0.3992149135421086
1.0664776172557466
-0.007521280152162453
-0.5937533579126185
0.2534707560238087
-0.4872793903993664
-0.42424960851714355
-1.960222098855855
1.2296841302899684
-0.9583265744731821
-0.260661714690593
0.19399070054698941
0.7609199536720729
-1.8849828291275226
1.6063870832101335
-0.4458996493174207
-1.3330486597639566
1.7594998841168872
1.519721420593357
1.0140891228142104
0.6065357362236526
0.42946028551498017
0.2539844643962375
0.31977104915138893
0.194456664850264
0.5231090264329529
-1.5278113275065537
-0.5237621872607415
-0.472567171793389
1.1635060244784736
-1.272032898944761
-0.9704705177062212
-0.5847679566920114
0.26044953149666045
0.72742949840286
1.1408240154884526
-0.7239383771765862
-1.3255990170022123
0.23870795996781588
-0.34885688097493417
0.5270835805712879
0.32881802024941525
1.1343213673516999
-0.4923993761367203
-0.30930105790183093
-0.5162553563369865
-1.2217987797109482
-1.7249133110972623
-1.5155232406980836
-0.25386531955690556
0.6870122216679897
0.6145428144270219
-1.1173840947552058
1.9551490983588753
1.033032552241598
1.4915208297451175
0.8768252464372607
-0.4231738500595402
0.45998168905882447
-0.8187859374274773
1.2713612915886048
-1.205793765334814
-0.5769444377883832
-1.2864738910146833
1.7308572136674234
0.31035921541823064
-0.7335001321533157
0.7529607384968121
0.9735616395301836
1.2600494920900387
-0.28936605048190256
-0.7220379584716224
0.10442589740588498
-1.0340730918574355
-0.42695201022103124
-0.896263334877349
0.411964630826952
0.40751311447342264
-1.4892163637685611
-1.376776692595635
-0.6472234630816157
0.04255559697238718
-0.04302217988699301
0.17291067572593746
-0.8158390636045368
1.362903552927926
1.2215010389002168
0.06423536756799224
-0.6838191668162674
-0.053027497388180814
-1.6577381740916308
-0.12855665480502582
-0.4166038848911487
-2.896299335115557
1.8024279198211084
-0.5013380083916648
-0.569410748071533
-1.1407962299722727
0.7774518986671296
0.7881658219593185
1.6246329393699441
0.8406356175790444
0.3195504225470742
-0.06263125003524633
-1.2420292439071832
0.4369989928411856
-0.6602999643193338
2.0230190212410606
0.6867738392763878
0.024809456997239437
-0.7084084282729486
-0.43035909684151297
-1.0876439419098989
1.0697631018842617
-1.244723013488335
-0.7804271752696162
1.269865775230857
0.8086138761315312
-0.21605586782457212
-0.3242745798837068
0.9964062425009507
-0.4631556112306047
0.1454228068462734
1.348607774766614
-0.3873224300026903
0.17499503104580616
-0.6614396073408149
-0.04274313866872002
-0.4401224802205863
1.1668284723764626
-0.8106079394974879
1.1576550038452078
-0.7582472804108638
1.073646908833853
-1.7781283718406018
-0.22214514279956585
-1.1899924832395405
-0.01607763392753066
-2.2327056514184185
-0.5643145537031717
0.0719581238513752
0.1990182003344028
0.5707324553418441
-0.3569294832229674
0.8896259207172013
-0.2964102429206258
-0.7157299066450034
1.22501337204365
0.4186651886137171
0.6128932557691927
0.7113629212489705
-0.9989572630578339
-1.272014112314863
-1.106662719950006
-0.09349420310418417
-0.35242478931957927
1.0218295343101615
0.09603347959361402
0.5532397503562465
0.30392899079850383
-2.4611982233610563
0.20202950228521369
-0.2183063190730142
-0.49992677877517167
1.0042528018344017
-1.455563616154781
0.375753381017553
0.4566557542024188
-0.6677216351394537
-0.21840377634536157
-0.2469067411215529
2.398661129662832
0.6254357388990145
-0.8272226735195961
-0.5223084206302301
0.300523851610006
-0.005224735146428204
1.6676498447484551
-0.5234233056199004
0.7778664501227467
-1.2435938285720953
-0.863804329366758
-0.6465792955141743
0.7007284828966114
0.41263572494513795
1.1579868572513634
0.7764145484242052
-2.1723335251846208
0.3816105472446909
0.2560817637394409
-0.1295337183369503
0.9636478066591612
-0.04461959700085898
0.13657236225347133
-0.9184977543326337
0.6155517307961433
-1.637473973249014
-1.173239343507279
1.0036835015391758
-0.8784510465778265
-0.7689169528965429
0.5886111067398155
-0.01837675843929741
1.0807695063272151
0.6613814943302251
2.1757082589814396
-0.9602428763616278
-0.42084237892897025
0.254103728914279
1.4036236490705427
0.7392466413970609
-0.7124792497253962
0.9154263523469974
0.38550744989356783
0.8944778430226996
-0.4972222235775151
0.4952888923401299
0.3854218735404668
0.20820129972961482
-0.19998565264694187
-0.8370220179033803
0.6975585551050452
-0.37467767995687096
-1.2990192414295123
0.2263284253687568
0.11923331727481407
0.5942138702747078
-1.1776487458737759
0.8747336809962872
-0.4296203889827492
0.4396852536137729
-0.636851170480508
-0.2688884234286278
-0.7236767815748473
-0.19061671568157273
0.5388214060629078
-0.5501506134261934
1.855722702568187
-0.29595043769896057
-0.6021104654652967
-0.6246343214363707
0.34539997777864095
0.6099544739103634
0.11354383355358831
-0.5155698110526864
0.31448266057489555
0.7512411586942477
-0.17842622723865384
-1.0342641198887106
0.3012190776945219
-0.47134524624287294
0.1685161128836126
0.4210014382093002
0.7316989042205676
1.3929794575480552
-0.7240936353628178
1.6419448199986175
1.4847618656172377
0.46242595867357855
2.083966041540679
1.271204434367674
0.732955462048124
0.48367679236439975
-0.27971799083789817
1.987022151771512
-1.4652445038902098
1.6495904366175782
-0.7989479795500267
-1.5018237040828442
0.060563595364862416
-1.4284446041525865
2.493702928920383
0.7652328098670087
0.4592409421427817
0.8832370802188174
1.2158195528737095
-0.017584257169064723
-0.8823287230044438
0.13027578274674825
-1.1019770512915221
1.138429905047549
-1.214221466454708
0.9003698376267478
-0.09424520576639255
-0.5535167170638461
0.1415827462520608
1.0713535786280532
-0.7896378363364346
0.633946700961869
0.7948770497442414
-1.0374113036784984
-0.3099016349553395
0.8500693874449707
1.4641389730632712
0.20994126595991008
1.2530743009650998
-1.6050514513327065
0.21405707339245866
0.19496181045383862
0.8906910353706082
-1.0093113489276162
-1.2533797599832888
-0.40732874504229455
0.24072385132165264
-1.209120617968236
0.6371549719523504
-0.4319444357355834
-0.37668473566706556
2.283590142149768
0.04140557348044274
-0.3471725907289147
-1.9035134299906846
0.5317850286792004
-0.4845795000028055
1.2226510275488844
-0.5415923228244471
-0.060836457144390704
1.2257314911298351
-1.2615847102459556
-0.6330141123479088
-1.452710132500347
2.027998293439138
-0.5269221065624118
1.105607441398674
-1.1160852964361336
-1.4472029820479557
-0.9794393131433276
-0.293721241309726
-0.39231606202478386
-0.5516100030264923
-1.440209380354943
0.5331759795267536
0.17683348098271878
-1.1146908637980995
1.8118035735888505
-0.7002569046329383
-0.5306643171402078
0.31233196988998335
1.7883684426086648
1.480315879339132
-0.14513020725147596
-0.3643811234251088
0.09556471018680311
-0.2514045026208472
0.7145020803691576
1.7232832592834153
0.2937726945464243
-0.6256253697830318
0.529911955041806
0.7177619019815475
1.4620158559554022
-0.3292293867751435
0.26820380148718515
-0.6444728931679661
-0.8668258350828351
0.640871854947495
0.04262105301948444
-0.7912071663304702
-1.4037425899525835
0.1972375330345456
-0.9032166492532357
-0.30774520444449055
0.6235393889186045
-0.7863536181650511
0.10371173278239454
-1.8728741062731764
-0.07204543409721871
0.5477457011818803
-0.3548604077938103
-1.198920335615672
-0.48342482657427954
-0.5870653138011169
0.8455785021740245
1.545083720409122
0.36929416748376204
1.5141641782759774
0.6722150566580596
2.559628676071223
-0.2861118319126057
2.4440899409186936
1.0312542906713142
0.20105433979833545
-0.7578290183275431
-1.4171281234491793
-0.9378727849051491
-0.8930988385245014
-0.5649157164692664
0.1492441099850224
-0.2527916887703569
-2.32752153329684
1.871692037461998
-0.48270876856213096
1.8868338897325247
0.301792071299278
-0.6090817496747699
2.377390469264591
-0.13716083152224995
1.6737076882054212
-1.359537664691506
-0.6861864111226049
0.27343279866640147
0.15052127761415657
0.26978680749019907
0.0806343713474633
0.2344447460934819
-0.978330099735659
0.5038913535499298
0.37283291551186165
-1.1040004475510388
-0.89455837144374
-0.081206272055925
-1.666977949454997
-1.9867099110783968
0.6457109409555173
0.5197640480221336
0.8750317746926688
-0.37994435264610876
-0.15662160254779153
1.4951293600278606
0.30183175703057785
0.6715430960815924
-2.5040882947726906
0.05333539506176868
-0.9808996273513618
0.45463280757449737
-1.2812270000282944
0.014220384934393204
-0.5271403014736425
-0.24180598022862385
0.14084745090407141
-0.2549052966948089
-0.004313019502068308
-0.5691593635678541
1.9569093480806186
1.8068490742407701
-1.0325380821068249
0.8104972862190692
-0.1766079415622051
-1.7087705037249565
0.7786514037916372
-0.15611821672376236
1.6145089940988993
-0.8722333791783903
-2.3792384505807322
-0.19695098504343736
1.5851587388289479
-0.8967869396335756
1.750061474341516
-0.23262750601250098
0.22917814226042957
0.4051060768836579
-2.23828288882175
-0.21886867736504756
-1.1325532815576065
1.7390735868530978
-0.9539770848524055
-0.36546587350512866
-0.4480865094745422
-0.44004607513116906
-0.5256076735241602
0.611514889385724
0.3986399211649863
2.530091484334068
-2.4273696630378203
0.2840908325701432
0.11545732311508468
0.3678556194379425
0.20557622431639994
1.3955421329655318
-1.2674252051113628
1.0372989514600792
0.33673019834885687
2.2842957755380326
0.6594753732436742
-0.40269138761763573
0.6149270356006564
-0.30543899238914995
-1.9781674279492225
-1.5568220142279905
-1.3166121393417671
-0.07554953629040057
1.016240343923271
-1.9262889236444019
0.4268322929565962
-1.281571185710789
0.2622037559771209
-0.5052688678772158
-0.9409335967036364
0.6827265080934338
-0.279988021829835
0.9849125013789238
-1.2161273529107874
-0.16048142489194264
0.215494644269903
0.35646248705364075
-0.8315366124942141
-0.8001327046306702
-1.513965595486236
0.05727598365680813
1.3766774122073888
0.6540062446535198
-0.8492664514040832
-0.48556606755585613
0.16923831094425387
-2.421574911630205
1.6500363481370255
-1.2847348739412128
-2.533437437509806
-0.8637027459288077
0.4847794589122887
-1.7508854241853384
2.4822158255420455
-0.9179089514937137
1.9094229836453938
-0.8112189106649261
-0.4488961721973443
0.7207393388575921
0.3419745963424909
-0.06154147637318745
-0.38549606957557736
1.3093643233333072
-0.28433136383349045
-0.925630027455949
0.09428754394746756
0.9153500868665948
1.473670802282303
0.2525203688541719
0.03279152119647837
-0.01594734019493702
-0.3533426945739758
-2.0991844784079405
-0.3798079072090895
1.0494941839432446
-1.5301863168907595
-0.4810961720886115
0.05893229156325713
-2.4540838153541285
1.35670074204299
0.352338622625577
-0.10893346261490815
-0.2878141375841849
-0.6762039167951199
1.752097914520379
0.3267152229670304
0.21135368084917946
0.8652300959399218
1.02436243886686
0.2239961739615136
1.2568456356375048
0.4358577307279825
-2.153030210565365
1.8369882909883855
1.0236574193849246
-0.9535912244051858
-0.12276032862948923
0.267379443144332
-0.3543267357641292
-0.5507738059249532
0.07327400055256236
-0.17577929173964266
-1.7095723312213953
0.9928378209099393
1.1925243931449245
-0.7295474841973141
0.26989810991033597
-0.9258804055080327
-0.7406881002718445
0.8934345963785324
-0.1118096988796234
0.7521058272495761
-0.18600364854529752
-1.4518203508093364
-1.4198216795888106
1.9137683828218663
-0.7598054080893556
0.8410891149389079
-0.7416610782379135
-0.1322137238781955
1.68852602511341
-1.219794345979966
0.7238182059506241
-0.30282398355478507
0.6096937960763678
0.5526837672517162
0.06349993171235638
-0.6067871928039047
1.2761056047738637
0.5989766107123775
0.03359922945500785
-0.6043489886087953
-0.23667204589674623
-0.7343639358406621
0.8435650621668694
-0.20364983706781975
-0.03722044569677413
-1.075997450541336
0.7937621595901045
-0.8220969522594329
1.0713732329109582
0.969079665025632
0.6054742157984621
-0.35083116634676037
0.5048078190157176
-1.0900344059955742
-1.1799383772852623
-0.6049376963614809
0.8960336738208817
0.7762625704220325
-0.852189945934949
0.9279763781565887
-2.4914968778812683
0.9006783462369868
0.8338483319618959
-0.27174325474037286
-0.3287729371481092
-0.8011255378600739
1.1569244265243013
0.8998321399586268
-0.877141503532341
0.6116799374190681
-0.24164132291790077
-1.5663162396359953
0.7309912176547775
-0.3058301366885579
1.0777828901020143
1.0299279019111764
-0.24685227258415468
-0.3107966672096001
-1.0244880457431038
0.8468339359204266
0.518915162124893
-2.1557858443721765
-1.1733819208183047
-1.38699713929035
-0.47066405794181393
0.07973913578066946
-0.33682068633425866
0.34110520193611005
-0.6862195456662775
-1.641266079088875
0.4915958774548934
-0.8572915612776586
0.9205688093290267
-0.17733123855285426
-0.3244986726390348
-2.4162285145587727
0.2486984384452736
-2.309836631696495
-0.5672393843484667
0.5362394102996779
0.01808636801097531
0.1909311923061639
0.1539374715625462
-0.2373165334988554
1.0078960513565025
0.9498967263575459
-0.0813575181006783
-0.4042797539309384
2.283254976725847
1.1032649928939062
-1.6454998404667436
0.3648488274616173
-0.15762365000656448
0.34238594957816726
0.33554933873418713
1.7333890053524865
1.1473430819423194
0.407931038620361
-0.9847299158230396
0.23903026595303922
-1.2345553146734987
-0.7512570074894661
-0.6026202462797815
0.2766408473821908
1.403753752410985
0.6503173921660793
-1.9485330060149963
-1.9035065418390178
-0.7057111320414624
-1.760922098229656
0.33028827309960207
1.045861776275006
-0.06540048526945381
0.5525406106371213
-0.6377214117523321
-0.20721964250391314
-0.1494573984467156
-0.44024124778524487
-0.734696388506286
0.9433825484087918
-1.3498015256134366
-0.08461314059988125
0.5203223660537023
-0.24812946541299047
1.345721021770169
-2.6892728735380387
0.1494631208926826
-1.4651383490407432
-1.316999325723738
-1.06616196510227
-1.6302556377702049
0.16303657268614388
0.4315926818067521
0.04859728490484045
0.23118833692941176
-0.003975623422691133
0.6628982485469922
0.17029376969836676
0.03155415057706576
-1.7310495346751256
0.5630416794498391
0.582109378187458
0.5830401928367436
-0.9766188601767405
0.3457643956397635
-0.9530559992465278
2.441858907904569
1.174621685914545
2.8687141398567424
1.2873079205393123
-0.15311217136806426
0.20783127478563151
-0.8273040099441197
2.2193972718048443
-0.9190086031500707
1.1437684957173102
1.5287454916881322
2.857650332559955
1.7506010741130456
-1.1548328083089587
-2.060331971304319
-0.6526355099260518
-1.4888486210889833
0.14591508241017323
-0.8425512038856999
1.5130266138958028
0.5965433318901011
-0.36704235425962456
-0.17642283790666344
0.1812485916829851
-0.058039630017137876
1.8233225920491742
0.04671440427369685
-0.671237470977193
0.39318863127272013
-0.3124274999080863
1.0843154721427397
0.411956149501951
0.41758985131898346
-1.0068176533188435
-0.5298344333642386
-0.8020113770216211
-0.4379291447470517
1.2801519646616475
1.3780576623531722
-0.992676321091654
0.07524203609626182
0.5845141298595551
1.2852959735886857
0.254425756609085
-0.9336821940161889
-0.6536793193920851
0.31938822128812366
1.0859137094853246
1.1943147670582996
-0.8541764293853326
0.2726606058141463
-0.6501245936583578
-0.5225419126596463
1.1080985722093661
1.6745381419043894
1.5612234887931788
-0.2240312314123004
0.5498995139542082
-0.10618493794723756
1.1328115486237353
-0.1737539565720295
-0.23164121733367682
-0.604732708326649
-0.14917045892857106
-0.16976216231704896
0.4420526653920443
-0.1485813100976393
1.8913973151228383
0.3623782984949031
1.0324507161516878
-0.5768000370263338
1.393059429496071
-0.20468269883686524
0.663440294688386
-0.97939106349209
1.487129191509202
0.2898774698301284
-0.8984954646576878
-1.2818604514949106
-0.9209889819234429
-0.7945491971238935
0.6568781539081292
-1.2530421796771403
0.2761647187814071
-0.08127052584140539
0.7189948671284285
-0.2535381667010415
0.31096050047903967
-0.6176593715338431
1.2133634299687786
-0.8526755963152218
0.7938746315320666
-0.6150285558301408
0.6169524629387129
1.2671713430117326
0.6533984131878238
0.7568663630516579
-0.9664765239444173
-0.528618707497042
0.16341145655060632
0.5115617491495065
-0.3087106089229795
-0.2212804968779839
-0.15239391651727388
-1.8710183486204701
-0.8153805752797396
0.024916911409367495
0.6452483973656851
-1.8316282310314291
0.20819370033189363
1.374992137016358
-0.09532647889412361
-1.0646230573829292
-1.6050689424697124
1.2870939284169365
-0.3588594538321132
0.6864189624512127
-0.586694680392452
-1.0708996389696617
-1.2857054654910174
-0.6447419821890041
1.3659397968958358
0.02195395126256064
-0.02567963777928385
0.0696273545945252
-1.258928069774979
-0.13236040905953006
0.39184208976287055
-2.0784630563673074
-0.7742504152932396
1.7345452558679826
0.20075687746057466
-0.45666434271123024
-0.7028885731216389
-0.1466404855784839
2.117702116340352
1.151437260362591
0.6399653109741005
-0.36156024681664684
-1.1028583659864453
0.23406758836479016
0.18789123337656527
0.685147298549271
-1.3343223231761703
0.9846220687561149
2.4260851858172763
-0.666176137424453
-0.7676264799668471
-2.412919827198326
1.186434378263167
0.052241488487004814
-0.10460215651270416
-0.5729569654369856
-0.32013918657133983
2.9207100722491015
-1.1462495798116423
0.8375475125838808
-0.8679809913549811
0.3839366102043352
-0.8796476882531512
0.7383994455365367
0.5532844844950668
-0.031472204333579536
0.7463412579441465
-1.4968948549235186
0.07384296590116171
0.8380668243866481
-0.5630021768085726
-0.5878509645930032
0.39656430359225836
-1.203139841129036
1.4623203860294507
0.2834358299401917
0.6459086820838172
-0.2245274822912136
-3.0937175890061788
-0.7401534307316405
-0.4143412955449287
-1.4495150493710216
-1.6963413499710605
-0.6093223015904676
0.030651196097443486
0.7235019643981017
0.7448247994249225
-0.7133961220506906
0.04120238779006546
-0.5414685624913386
0.26031073901135765
0.32344006286621224
-0.31383148497051394
0.06424629501595938
0.6739532021389044
0.567631819172626
-1.1599271240697955
-3.242247362726988
-1.4915701132930483
-0.7088075297563167
-0.4515450978246732
0.5259141325142305
0.6697499490988919
-0.6548041462375123
2.0911514118279073
-0.13543259150301384
-1.2584301982848998
1.0667144197927243
-0.3339914326172875
1.5044290798662843
-0.7640452878360373
-1.276971049077117
-0.37418830937887076
1.0586144400869073
-1.0211681223918838
1.2999987201605778
-0.4988105701920921
-0.8247171535768348
-0.2030259585406154
0.12978208289188836
1.1449297012471493
-0.4152581546415191
0.4105833963239021
0.1601236898023447
-0.6111729208085538
0.8277925849762847
0.9361499108858277
-0.4781842828968898
1.2403711318625723
0.03365480029362646
0.8755287837605032
0.8103888550016048
0.5557279910289211
-0.3735579017659564
-1.2890369374098283
1.036304482641185
1.8556583949693717
0.44027220072574347
0.7567489669191693
-1.0916754856470179
-1.273717576795773
-1.2614699426113416
-0.6569047491959125
-0.6966108297383704
-0.08000133592380035
-0.18426125802342525
0.8052658717569965
0.288468914042865
-1.6504362630497629
0.0850829841463468
0.17794058971614704
1.5146554507367112
0.14590036396424258
-0.7236943231338897
0.7152728185059032
-1.941178059931369
0.6566426541714467
-1.4536332579755986
-0.22886648627913533
0.37313864790519713
-1.7289140855748355
0.5309245178250911
-0.5209409406418005
-0.051558640568858845
-0.6996937847121727
-0.9149182908028288
0.06432481947698988
-1.0842911605028782
-2.5294838514043656
0.5725302243379276
-0.6353477622150446
0.5677756131972734
0.771397373860246
-1.2639549895604956
-0.318726974818049
-1.147433308388204
-0.7009224262797367
-0.1580045653488113
1.9023906726760125
0.0989227638764647
1.106433439018068
1.267381879609444
2.635090913755362
0.8964839752160588
1.2780822110263725
1.3297206574976173
0.2257068730971293
-0.27852858419288234
0.39655770611084573
-0.4551432091443116
-0.7489704348685925
-0.28462437450754324
0.7400588026186357
0.3667764735560512
0.4001443113372912
0.8775188054580914
0.3844739503007751
-0.8616256557148294
0.7534474013236266
0.6830683680811329
0.5002491524292455
-1.3212041745076384
0.5777984110034904
0.08178085499921645
1.7008647037236313
-2.2852133259123106
0.6530997608865234
1.8461380862184302
1.5628507752947258
1.279650799509204
2.0231356824780398
-0.5268427709570485
-1.2872050116815927
-0.7941551962432009
1.6922922468154638
-0.5850323061416915
0.8172771281707789
-0.8925928813881927
-0.7424293021654277
0.4120188956119513
-1.8598510654807558
0.3347792999235816
-1.012039969145786
0.6763763502800042
0.16491551539077431
-1.3771327607116197
0.566763644218755
1.4673288239837774
-0.12641012039246927
0.20380913265258563
-1.111270914549477
0.015514426979397481
0.7546471166094951
-0.7406172641339627
0.6374273478869736
0.07685952729553222
0.34431593187048815
1.0257859001901624
-1.5964648018772767
-0.2889772874077727
-0.5479622888955614
0.7673362259560375
-0.6021214383451226
-0.3028969923366498
0.835725542673122
1.1900592435036412
1.5884038948470127
-0.33648599994121886
0.5980253957570814
1.164247034639683
-1.1811814232760431
0.7142062951670014
0.9123727643810332
-1.0339840594010514
0.0312391308919108
0.6231599374523726
0.8087639861110365
-1.09403929630428
0.6291811120485005
1.6392722592881388
1.016231778009893
1.8964593935481506
-0.2854874598405753
0.607559221461126
-0.9793792699184478
-0.16506244355818853
-0.7018683854376819
0.7718544853082746
-1.3788559279521964
-0.11847998653848672
0.9554165834918605
1.260371704595313
-0.8227053799576315
-0.9742989824397194
-1.055729475266666
-0.6714243798611637
-1.0552088298879216
-2.0982694411259954
0.8120033694151984
1.8536048356570634
-1.3514460921534563
-0.3387396556582458
-0.46699464104621635
0.22982777769356957
0.150386306296653
-0.7378006266269098
1.020933505187836
-0.20298625037218232
-0.32054051318392346
-1.072999577220716
-0.3817527195266096
-0.35313907350857254
1.6719524764595703
0.6136568296629297
-0.6537201033367761
0.4688727509063641
1.1690609030803576
2.4886325118994685
-2.638283687750378
-0.1337484726657994
-0.5500219892896034
-0.4702378905693069
1.2646576507974212
-0.5741529555287964
1.9727894108053445
0.8183760581196423
0.17642100956253337
-1.0174156409775146
-0.31175148391807944
0.6663486098908795
1.3270916681432257
-0.4059460569812792
0.438956008533501
0.25935835186886175
0.7212448333279838
-1.422210929559511
1.8708149948120485
1.1682959054488589
-1.4344358884380848
-0.5282278824771292
-1.7303652696379284
-1.0053314480204005
-0.17872128615108554
-2.369214993347312
-0.5155375517860783
-0.8446201132155082
-0.27224097659612373
-0.3215582028101319
1.083728634769724
1.9059186620523954
-0.7204299085794607
0.7539568349711075
-1.015968581074226
-0.45058562786883705
-0.3053026557052439
-0.0393365918991605
0.4824988046707534
0.6262383184104708
-0.17813430131212504
-0.1844022235919084
0.12377958068069098
-0.3558895277904575
1.8885283379808009
-0.5906166312838262
2.185214039752111
-1.2731429771648008
0.520004401165342
0.8823497381210196
-0.9541157385115485
0.7670675073425803
-0.04678623256213579
-0.6320785286006909
-1.7175080242512575
-0.022980453535233415
-0.0025781384687291473
0.08210629840903608
-0.12812474174403385
NA
NA
NA
NA
NA
NA
NA
NA
NA
NA
NA
NA
NA
NA
NA
NA
NA
NA
NA
NA
NA
NA
NA
NA
NA
NA
NA
NA
NA
NA
NA
NA
NA
NA
NA
NA
NA
NA
NA
NA
NA
NA
NA
NA
NA
NA
NA
NA
NA
NA
NA
NA
NA
NA
NA
NA
NA
NA
NA
NA
NA
NA
NA
NA
NA
NA
NA
NA
NA
NA
NA
NA
NA
NA
NA
NA
NA
NA
NA
NA
NA
NA
NA
NA
NA
NA
NA
NA
NA
NA
NA
NA
NA
NA
NA
NA
NA
NA
NA
NA
NA
NA
NA
NA
NA
NA
NA
NA
NA
NA
NA
NA
NA
NA
NA
NA
NA
NA
NA
NA
NA
NA
NA
NA
NA
NA
NA
NA
NA
NA
NA
NA
NA
NA
NA
NA
NA
NA
NA
NA
NA
NA
NA
NA
NA
NA
NA
NA
NA
NA
NA
NA
NA
NA
NA
NA
NA
NA
NA
NA
NA
NA
NA
NA
NA
NA
NA
NA
NA
NA
NA
NA
NA
NA
NA
NA
NA
NA
NA
NA
NA
NA
NA
NA
NA
NA
NA
NA
NA
NA
NA
NA
NA
NA
NA
NA
NA
NA
NA
NA
NA
NA
NA
NA
NA
NA
NA
NA
NA
NA
NA
NA
NA
NA
NA
NA
NA
NA
NA
NA
NA
NA
NA
NA
NA
NA
NA
NA
NA
NA
NA
NA
NA
NA
NA
NA
NA
NA
NA
NA
NA
NA
NA
NA
NA
NA
NA
NA
NA
NA
NA
NA
NA
NA
NA
NA
NA
NA
NA
NA
NA
NA
NA
NA
NA
NA
NA
NA
NA
NA
NA
NA
NA
NA
NA
NA
NA
NA
NA
NA
NA
NA
NA
NA
NA
NA
NA
NA
NA
NA
NA
NA
NA
NA
NA
NA
NA
NA
NA
NA
NA
NA
NA
NA
NA
NA
NA
NA
NA
NA
NA
NA
NA
NA
NA
NA
NA
NA
NA
NA
NA
NA
NA
NA
NA
NA
NA
NA
NA
NA
NA
NA
NA
NA
NA
NA
NA
NA
NA
NA
NA
NA
NA
NA
NA
NA
NA
NA
NA
NA
NA
NA
NA
NA
NA
NA
NA
NA
NA
NA
NA
NA
NA
NA
NA
NA
NA
NA
NA
NA
NA
NA
NA
NA
NA
NA
NA
NA
NA
NA
NA
NA
NA
NA
NA
NA
NA
NA
NA
NA
NA
NA
NA
NA
NA
NA
NA
NA
NA
NA
NA
NA
NA
NA
NA
NA
NA
NA
NA
NA
NA
NA
NA
NA
NA
NA
NA
NA
NA
NA
NA
NA
NA
NA
NA
NA
NA
NA
NA
NA
NA
NA
NA
NA
NA
NA
NA
NA
NA
NA
NA
NA
NA
NA
NA
NA
NA
NA
NA
NA
NA
NA
NA
NA
NA
NA
NA
NA
NA
NA
NA
NA
NA
NA
NA
NA
NA
NA
NA
NA
NA
NA
NA
NA
NA
NA
NA
NA
NA
NA
NA
NA
NA
NA
NA
NA
NA
NA
NA
NA
NA
NA
NA
NA
NA
NA
NA
NA
NA
NA
NA
NA
NA
NA
NA
NA
NA
NA
NA
NA
