1.895055497449598079e+02
1.169532999375256281e+02
-8.243735897374470767e+01
1.119112303912545343e+02
1.570026750509999260e+02
3.307871407471282055e+02
1.981199554130856200e+02
2.521007666538237117e+02
1.348480089159726845e+02
3.799742693325690652e+02
-3.030683992338900623e+01
1.445378887600054441e+02
9.958826340708243663e+01
3.650867515421300595e+02
3.478049735742108339e+01
1.715974414103326353e+02
8.902119985165938942e+01
1.975770282051122990e+02
1.612097787163858698e+02
8.593847278815749746e+01
3.073473334595412894e+02
2.333791422471169312e+02
9.381927563034250284e+01
3.481370225925552404e+02
6.802139313916936203e+01
1.453862488248638556e+02
1.636115045236170431e+02
1.347518884320180632e+02
1.931745074137331244e+02
1.801939000992710476e+02
2.081591570087602960e+01
1.471731293039262027e+02
1.273370768970796547e+02
1.542571311228397235e+02
1.716434168230784394e+02
1.165782178000213349e+02
2.815770073039562362e+02
2.993678115421500934e+02
2.374792405857609765e+02
1.276692049237077100e+02
9.440949457201851658e+01
6.602097934899927623e+01
2.121411840311538413e+02
1.446009556113666576e+02
1.038071200222601789e+02
1.135221007190949507e+02
3.422457668076638129e+02
2.434139410394498668e+02
1.761506993826735652e+02
-9.108202809731665184e+00
1.508978453271600983e+02
1.164090796168981257e+02
1.770171093522953925e+02
2.427491930318514619e+02
1.499435942998163114e+02
1.154816112690876366e+02
2.799110921080600178e+02
2.888539314726127145e+02
2.974818001868771944e+02
8.523795681444980232e+01
3.206180440467733206e+02
2.211607658350443444e+02
1.835612772956195613e+02
2.650136324417479159e+02
1.977725832596095756e+02
2.989088275975374245e+02
3.078465866068096943e+02
2.545295166660926043e+02
5.379866232857153818e+01
-9.927438224382996168e+00
2.113443126332048223e+02
2.164305539518466048e+02
2.246229660896332234e+02
2.081009440491539522e+02
6.718971760603018595e+01
1.012314953342444994e+02
2.795578668271054994e+02
2.573927624643459922e+02
1.806867085994943523e+02
1.666119649885736180e+02
1.153271093012542394e+02
2.587698362439623452e+02
2.081319318720966294e+02
1.483113672102762450e+02
1.840110208433670778e+02
2.315881220164911838e+02
2.206635372685429388e+02
2.151961252992838922e+02
3.122236807229516558e+02
2.730490401754113350e+02
2.090665019977127486e+02
1.930015657534999036e+02
1.667364334526766356e+02
2.274939070846120330e+02
2.147119631695555881e+02
1.828055713849599897e+02
2.321789101081380977e+02
1.831336548502956134e+02
2.653386190824269306e+02
2.630396727544261353e+02
2.915895069619863307e+02
2.175035043225468598e+02
2.002733013931684809e+02
9.313464149505009004e+01
2.014728229256593863e+02
2.905430539280779385e+02
1.762755574963482275e+01
2.571853276539500257e+02
1.963262237878696510e+02
1.177260743843139181e+02
1.013631557267534333e+02
3.414728319501801934e+02
1.379941344787151820e+02
1.625142932966904823e+02
6.575150067327211900e+01
9.989143982921743259e+01
1.572678876657838032e+02
9.874328198838611570e+01
2.490145666502659196e+02
1.100993092954301886e+02
8.080718513159551719e+01
3.670275709363880878e+02
3.049885196198461017e+02
-3.536275007189264841e+01
3.199467330295557304e+02
3.000079513828592326e+02
2.756734578920055583e+02
3.644174414306273491e+01
1.910845653388598748e+02
2.520960926608485124e+02
1.689096944149048909e+02
1.002217655794379851e+02
1.184995639175686222e+02
2.690041294643646665e+02
1.524581808046847868e+02
2.126579476609202288e+02
1.971387682829211485e+02
2.102077594072550824e+02
1.216252437119972569e+02
8.551936059623935193e+01
1.710915850089584183e+02
2.095272911586776559e+02
3.461132407907401785e+02
1.138094430298633171e+02
2.276639176205255808e+02
2.764665227679562918e+02
1.178608266616507336e+02
1.744193791027969382e+02
2.485347033669380039e+02
3.448425377070138609e+01
-6.554222757521677067e+01
2.250019774644150061e+02
2.613584447450668335e+02
2.017300413431348147e+02
1.658024169614814127e+02
1.336669211072107544e+02
1.072678766989301380e+02
1.720807070730887389e+01
1.543558293091120959e+02
9.828750336620144878e+01
9.535756596965623544e+01
1.748716028360126984e+02
1.449027937803062116e+02
1.139670796142304567e+02
1.638331636737017405e+01
2.471386473041405338e+02
2.675821307489082415e+02
3.421220755278702654e+02
9.876849395232298434e+00
1.065218309925338787e+02
2.896426457181838714e+02
3.552209303516261798e+02
1.978983469101754622e+02
1.791433477808088242e+02
2.203518942023056866e+02
3.269074584280598401e+02
1.034790705194733107e+02
2.620571405639430509e+02
1.259744868649398342e+02
-1.297998978758378996e+00
2.203068162097672484e+02
2.143878522079919549e+02
2.584208820415178138e+02
2.047417113427520690e+02
1.464966322225545809e+02
3.318490659461222094e+02
1.449870828696463150e+02
2.406510195257646387e+02
1.886119380584956389e+02
1.529797687490803355e+02
3.151376351882506128e+02
4.420659036918856941e+02
2.513512171462299989e+02
1.210258354545341177e+02
4.559789291654669796e+01
2.402680031453782590e+02
2.527607795183864710e+02
2.370721763057570683e+02
3.617646787690109704e+02
7.795867134796071696e+01
1.940427092085353706e+02
1.089653485981565808e+02
1.923738238815881232e+02
1.242430115680067502e+02
3.040843513625770811e+01
5.142476994010380054e+01
4.694753006858420008e+01
8.674018683518930573e+01
4.347510472940348336e+02
1.231774527434447180e+02
1.185133181024526294e+02
2.330750310230044420e+02
1.285806416461537083e+02
7.510908116474348617e+01
2.826837694298764632e+02
2.365720192549350713e+02
1.015917417697347105e+02
3.737182411569780243e+02
1.442084181409227313e+02
1.837155519074848939e+02
1.929799869167665634e+02
2.613056403475705451e+02
1.769918670610286995e+02
2.823444294111622810e+01
4.456718047336111113e+02
2.311847397935164281e+02
1.437026379901143400e+02
1.279107682426246271e+02
1.747049534405272198e+02
1.909398341346262100e+02
3.382757015156519742e+02
1.769881196411918154e+02
2.593492919942081585e+02
7.579917318939492077e+01
1.218207518891647112e+02
2.315641454809161246e+02
1.834809380150738889e+02
7.943819150300446097e+01
1.570355565745643958e+02
1.258302021598075982e+02
3.637888098074650145e+01
4.551154672116646793e+01
1.343577207411642007e+02
6.455575004649969628e+01
2.331909390821296029e+02
2.942155994880914704e+02
3.125084626102965046e+01
3.050363974346209943e+02
7.169540772748064228e+01
7.160205282356699286e+01
2.775100450676194441e+02
3.082482134280185448e+01
2.427096808033341517e+02
1.512636146706981890e+02
1.961428813219936842e+02
3.496846418110483228e+02
2.592784891450560281e+02
1.394560849036647596e+02
1.910868970197055319e+02
2.239926274396522103e+02
1.099263349908845129e+02
1.871264067754321445e+02
2.365582129452015465e+02
2.799785925308477772e+02
2.914252655279756254e+02
1.659904899601441457e+02
2.308377862328049446e+02
2.379902808201397306e+02
2.220797393024215012e+02
2.736425532008505570e+02
3.529780192516368515e+02
2.564616488183656884e+02
1.917607830781447547e+02
1.539635157537176724e+02
2.243537505998535835e+02
2.854553271691850114e+01
2.984913065758042876e+02
1.288637458534063285e+02
2.880106604019797487e+02
1.452004891375065085e+02
8.527489424796932838e+00
2.137333601100823444e+02
2.117065473969151412e+02
2.607559100487047772e+02
2.096831551892640846e+02
1.902396368585247046e+02
1.922112482560259537e+02
1.402294124215286502e+02
2.678231337581306661e+02
4.236846274098930820e+01
2.652524090651050983e+02
1.495089089691128379e+02
1.123478387203817022e+02
1.974371291175061174e+02
1.400341686189028110e+02
2.828589922545225477e+02
2.633173329884613736e+02
9.515266355608828519e+01
2.364114349796869874e+02
2.931782512325412426e+02
1.633253387418997136e+02
2.404095590907794531e+02
1.116913801378005644e+01
8.705553892215164069e+01
2.890773021659239248e+02
1.644358123953782069e+02
1.199189329253808580e+02
2.566410779550271855e+02
2.094683247705539202e+02
2.180095503585201868e+02
2.363137125557603895e+02
1.684329180138774404e+02
2.474925957509681780e+02
3.174416049954738810e+02
2.320428390361369679e+02
2.309525971430148275e+02
1.684464245424783257e+02
1.707329057301341209e+02
1.147008172721421460e+02
2.246861127098865154e+02
1.884411189070325463e+02
2.463398874442441411e+02
1.794196649957531804e+02
2.708867338927321953e+02
3.281767670041809311e+02
1.931678490300284921e+02
2.709851042805553334e+02
2.359385256579078600e+02
2.426052039732272760e+02
3.280308898107741697e+02
2.783055405999086247e+02
1.558688320296899406e+02
1.409887943419647627e+02
3.956160572426572912e+02
5.697451542823887394e+01
8.132821894304696286e+01
-1.140452118022196260e+01
-9.186346307330850891e+00
-1.321258586032944038e+01
5.662699362597759745e+01
2.322050985494410043e+02
1.372280560988821208e+02
2.569198638435095177e+02
1.277063306371986044e+02
1.598408568076919209e+02
2.228694119490057801e+02
1.472123412510539424e+02
2.210172417724521097e+02
5.014358121801582513e+01
2.253050862709440594e+02
2.085409028363989137e+02
2.323014948384023342e+02
2.718584942024393172e+02
1.887231720108404716e+02
1.276177983441924226e+02
2.132199397872810209e+02
1.577684439158422549e+02
1.467242657138016284e+02
9.371754935771494388e+01
1.014679298962038558e+02
1.204081656504511955e+02
-1.585558655327958490e+02
1.764233512755029665e+02
1.115536209657295501e+02
1.512507460453850854e+02
1.760305403517755849e+02
-1.440806372976555281e+02
2.267501224836130973e+02
2.212198753333102559e+02
1.744271325834280901e+02
1.239196983218203769e+02
1.746164251768447002e+02
1.233440222856415005e+02
2.759128236348582845e+02
1.760544574226308328e+02
1.564717502407997074e+02
-1.068142826626041142e+01
7.024226108274564240e+01
1.621591410786153347e+02
2.429369818765854916e+02
1.797791635193636353e+02
5.167646353410913207e+01
9.599245565762933552e+01
1.986250073656772202e+02
1.744938918870461748e+02
1.909691935360461343e+02
1.301553770138020809e+02
6.939845351288234099e+01
9.411773771999509108e+01
6.785942109393323562e+01
2.371792744412065304e+02
1.361380868226100631e+02
2.750842500851500461e+01
1.272795336617001567e+02
2.661456183959333543e+02
1.288444105053284829e+02
3.694604521888517183e+02
1.929068081173411997e+02
2.306365256886738848e+02
1.808831708084712773e+02
1.843371223797947209e+02
1.880714642498911644e+02
2.517485331438765002e+02
2.171152642836635209e+02
2.444942352404851817e+02
5.790328691037809961e+01
1.450007845903619454e+02
1.653931037969304043e+02
2.780854249648499490e+02
1.819842923989613155e+02
2.753996868464118393e+02
2.867570417628728023e+02
2.388700987276941987e+02
7.998882965026307090e+01
-2.159875042446330440e+00
1.505804172593111616e+02
1.885495442278408404e+02
1.159836827457744590e+02
5.905880945463404430e+01
1.892636099597444854e+02
3.154475026204595451e+02
1.586250880980425109e+02
1.185168219892179167e+02
3.864635961778229785e+02
1.292602221737091668e+02
1.274311620748543277e+02
1.136750482489888583e+02
2.555562232126578124e+02
4.957126174449103928e+01
2.517395210618897750e+02
2.499968506260351546e+02
2.621032953255942175e+02
1.477626573214912185e+02
3.724589640844556016e+02
1.733485564905382148e+02
3.139762637198193147e+02
3.253685845056608059e+02
2.701757184905206941e+02
2.802547313102111843e+02
2.229358617691074187e+02
-6.754014032704422732e+01
2.866274998402622032e+01
3.231837450603383104e+02
2.175491865527875461e+02
2.212656183110399297e+02
8.834493343548869859e+01
1.512401224218970128e+02
1.350119553979360774e+02
2.813257406839738337e+02
1.198786579957504443e+02
2.454987672928646703e+02
2.184541557986498788e+02
7.063709927030430435e+01
1.388143475047322681e+02
5.175152110166138897e+01
1.012099539505466907e+02
2.153331573331103073e+02
1.777301568989884117e+02
2.317490667804686950e+02
1.782731720868506500e+02
4.912216209996680050e+01
1.837263990790266348e+02
2.087908578290752075e+02
1.875158033799513646e+02
1.209558333614046859e+02
1.795929933934692713e+02
2.314021846501495361e+02
3.147677987156333188e+02
6.622175982948115802e+01
2.466300476015546224e+02
7.730411511146466808e+01
1.775468437932684083e+02
2.969029284011026562e+02
1.929155115507112228e+01
1.359797198307711028e+02
3.067827699001729513e+01
1.983464088456111085e+02
2.242032836435944887e+02
1.404814027906082856e+02
2.451701212761185502e+02
9.360792739502902293e+01
-2.383202254313520285e+01
1.882144545070127606e+02
2.822100310095291889e+02
2.021791351372150416e+02
2.899840236592920633e+02
2.396867233232512149e+02
2.399526865722207276e+02
1.210172708351818898e+02
1.385646382648518511e+02
3.010421670143302890e+02
2.243769825717285471e+02
2.307207934713048303e+02
3.384396727641313873e+01
1.394655055135014550e+02
9.458855314764991817e+01
-2.942049934733859118e+00
7.956013863444903222e+01
2.143566480656535873e+02
4.930424872574604933e+01
2.561034768030862097e+02
5.591620491689177896e+01
1.465202826224123669e+02
1.742743194683840215e+02
1.452315140768284607e+02
4.243005471618484847e+01
7.679665222014523351e+01
1.191891616001388314e+02
2.072781506672101841e+02
2.672722208592412585e+02
1.287978918695047241e+02
2.246761966692283181e+02
1.588912287676182302e+02
2.170353433793917475e+02
1.170426540404111364e+02
2.019787248873900012e+02
2.618336400676055860e+02
1.750216402879934776e+02
3.126969467582375160e+02
2.259819282849239244e+02
1.831999369998276848e+02
1.763287100652532899e+02
2.342294110522997812e+02
2.441230541089834105e+02
2.583867687565505094e+02
2.703831602811466155e+02
1.401408826516841373e+02
2.157973185119295181e+02
3.514161629514956076e+02
3.117008727301005706e+02
2.172280048620650064e+02
1.556851618384417080e+01
1.517666544874193733e+02
2.052861702232125936e+02
2.768788088707863722e+02
1.860820624914896371e+02
1.454591858871338559e+02
7.504266114369858087e+01
2.931860450382607155e+02
8.420794552217742535e+01
9.249965015340073649e+01
3.252525205417364873e+01
1.525586992126789596e+02
-3.835080219357720921e+01
3.329063921303433915e+01
1.856735224576337373e+02
4.049187688783986800e+02
2.682330736756998704e+02
1.081811488390961529e+02
2.127425571657386740e+02
4.984378381017425852e+01
1.906660104661091850e+02
2.309684592596167931e+02
1.612286965311586755e+02
2.135530549551575064e+02
1.443883171392613747e+02
3.268914840215748541e+02
8.002722769349709608e+01
2.009129966721503138e+02
2.739264620284805005e+02
2.080775200142428503e+02
2.512537543967115994e+02
2.202082018407131727e+02
9.619417552067488941e+01
4.171466498583260432e+02
1.287953279528743451e+02
7.973407247380349361e+01
1.145375498991754029e+02
5.117245266401744175e+01
1.629050335798302171e+02
2.427007561460230249e+02
1.392956978052755233e+02
2.183759390121151114e+02
2.238075105622879164e+02
2.601619132239626424e+02
1.900495086487927097e+02
1.626317819899515484e+02
2.099347880911304287e+02
1.885653518345214366e+02
2.600216299782422311e+02
1.558561340266589355e+02
5.930183691089209219e+01
2.209727698029056455e+02
2.486571307404213940e+02
2.308041103384522330e+02
3.307886443291329215e+02
1.549636108710672033e+02
1.566900084119513394e+02
-1.121275839777332806e+01
1.098937945693585192e+02
4.497701538280125533e+01
2.806323300263253486e+02
3.016897745924479182e+02
1.275158009974514783e+02
3.774796978183004512e+02
2.046680358455703299e+02
1.839956229370085339e+02
1.497957539700869347e+02
1.737437420521868603e+02
1.063788501336186556e+02
2.778969220456820040e+02
1.110252729392577749e+02
6.699373489958330197e+01
4.145021427919594714e+01
2.214172633861241479e+02
1.414192901237825026e+02
1.814639142875568041e+02
2.738429791854044026e+01
2.902471514749059907e+02
1.376367588861689910e+02
2.542715536605967372e+02
1.946848731279887375e+02
1.964197698772553622e+02
1.032483511541520755e+02
2.107301319671835813e+02
3.267668188496988932e+02
1.274340876937829705e+02
3.561992217556203855e+02
1.978627181734074156e+02
2.452001875209787158e+02
7.002507208166305475e+01
1.969289432769032260e+02
2.061756618169566195e+02
2.366776526453170959e+02
2.235768884642487819e+02
1.442241883997293144e+02
1.794802394567955162e+02
3.115782540052907166e+02
1.181997248582907076e+02
7.704875882065995540e+01
2.469966993241079649e+02
1.831167524677441634e+02
1.106666353391166666e+02
2.415159689459409265e+02
2.310874626762533239e+02
1.451034890631477197e+02
3.317115745995516249e+02
2.327693680145218309e+02
2.077934982917445836e+02
2.359015983561325811e+02
3.612198171247199525e+02
2.408027188817069373e+02
2.686040026956360407e+02
1.060708946850209884e+02
2.367842514196606771e+02
-8.371255705638645850e+01
7.806228018903838972e+01
1.460016042403138385e+02
1.636831777080295183e+02
2.195901740609830881e+02
3.580640299859676361e+02
3.439375293203847832e+02
1.530538879752418779e+02
1.752375046143691293e+02
1.419118668893196968e+02
1.858961138616917879e+02
1.492235538312715448e+02
6.925850826342058042e+01
1.852894690910518420e+02
1.235886973562662376e+02
1.002456542182983839e+02
8.356745873988555218e+01
1.510492894964554296e+02
2.211603274968591109e+02
2.024895364800639186e+02
1.420243973076773045e+02
2.599950939117451867e+02
6.659162759339960758e+01
3.191196777076323770e+02
-4.513723552332514544e+01
6.009680315711045751e+01
1.926430580842783229e+02
1.355412903757393224e+02
5.290990470579273364e+01
1.581731906890462938e+02
2.247349375554471749e+02
2.523031560270156319e+02
2.885725979228790266e+02
1.548552408114492778e+02
2.161723228674330244e+02
1.399224975224921081e+02
1.440557597534259173e+02
3.038551495229398824e+02
3.233888145345523526e+02
1.580692467390526872e+02
1.357382511739502888e+02
3.545912255551299381e+02
1.757342758505308211e+02
1.329219434676692231e+02
-2.603551679054423573e+01
9.869360040970524039e+01
9.647509781020181663e+01
1.258202629529265835e+02
2.142845065080512512e+01
8.798709955991938614e+01
3.999570312101973855e+02
2.802233295283514281e+02
7.465626417019467453e+01
-5.243161033614656219e+01
1.207125397820193911e+02
1.704762479354784546e+02
1.379087578571488564e+02
3.743699725202661170e+02
2.122952170907216782e+02
3.823299635095746396e+01
1.228394677314130519e+02
1.453491311870034224e+02
1.553421996041799957e+02
4.998786406915206726e+01
1.901245541245529012e+02
8.330849783970781175e+01
4.528860794211099972e+01
1.353076104418175021e+02
1.408785401818733760e+02
2.920557848531959735e+02
7.766820641752195797e+01
2.230223146806239356e+02
2.943689022123352856e+02
1.196758247211503914e+02
9.982137686148888633e-01
3.157930309578616743e+02
1.975717397358154130e+02
1.965561427740826161e+02
-7.857579999894754508e+01
1.047055610400346524e+02
4.395229902433984392e+01
9.062994104242301319e+01
8.585428929274466725e+01
1.764666985301550994e+02
1.990206936879980049e+02
1.134960131297295476e+02
4.142303902863577605e+02
9.428902703257199391e+01
1.635329231918012169e+02
7.053792900893014917e+01
2.841261264387121628e+02
5.679520764939781685e+01
-7.567818341840379048e+00
1.565076946729021756e+01
2.393928150205827592e+02
1.628716710113295107e+02
8.352669627882133341e+01
1.380257199367320879e+02
2.093846031985771106e+02
1.351184251719155327e+02
1.549203539888458749e+02
1.903900355667311146e+02
1.361475846911185954e+02
1.265301296076479787e+01
2.281875399255598040e+02
7.043381134526353549e+01
2.198802926327290379e+02
-8.137334531790571646e+00
1.714592892957404615e+02
1.706489002197167792e+01
2.571547113733257817e+01
1.987231382811150837e+01
2.326008848038561041e+02
2.000115071629059571e+02
1.821254426455113276e+02
2.850293924458480319e+02
1.448934660429782184e+02
3.064095669581784023e+02
1.734951371689107305e+02
3.618192553944903977e+01
3.023537778170431807e+02
2.270272284495772510e+02
7.836261963039133605e+01
1.799538706169379338e+02
2.171535894360574730e+02
2.902383804801856400e+02
1.850457412035486868e+02
2.809924047053788740e+02
3.413076965398715856e+02
6.967082528709552491e+01
1.204872036903010581e+02
-4.157332507529174848e+01
1.638993546838464681e+02
1.045376628883252437e+02
2.482222938730864144e+02
7.241798215397086835e+01
1.483619297308093223e+02
2.534093740721256154e+02
3.021230659420116353e+02
8.893806026703224177e+01
1.502406248588620770e+02
1.840708783386558025e+02
2.436872397416371996e+02
3.095747668298180884e+02
-3.247467577965882413e+01
1.080131390441152774e+02
1.827736947193208721e+02
8.583268848048912503e+01
2.270560547125044195e+02
1.224497337226877818e+02
1.674235249187420322e+02
1.684886202882343014e+02
2.455411770094416966e+02
2.511770579221513913e+02
2.499437954909013229e+02
2.397951790167030026e+02
2.225078181334507121e+01
1.962731569083313730e+02
1.780608138488756822e+02
1.402123773860945448e+02
1.899994451505091320e+02
2.651719100260041273e+02
1.801561124175560735e+02
3.938613724216818355e+02
1.997766468266417519e+02
1.203948681223326247e+02
2.819525910398475048e+02
7.038450240981040906e+01
1.795186439063289185e+02
1.698433949219879651e+02
2.428755420639295721e+02
1.667821181930708008e+02
1.790556989488787849e+02
3.039387009912563258e+02
2.157046161988938024e+02
2.256379285668936063e+02
7.531071033306821505e+01
7.215837145094607052e+00
1.299307939283403641e+02
1.789157517239466983e+02
2.195180573156594619e+02
2.277131814660645546e+02
2.183011481066459396e+02
5.631828722025639422e+01
1.802712296534198799e+02
4.152131919197059347e+02
1.155693276923100825e+02
1.301362867340142770e+02
1.810778815002992701e+02
3.055301103655053225e+02
2.519622514267873612e+02
2.181541468115834732e+02
2.712813236614312586e+02
2.403970784726627699e+02
3.279783021736099045e+02
2.393486186441687096e+02
1.484989117245390844e+02
2.997990258256144216e+02
3.397465471875236744e+02
4.369985493842362985e+02
1.889444235180073406e+02
1.905695693218110591e+02
1.948466963137203720e+02
2.702766373833365492e+02
2.934280012364043273e+02
2.225895739990666016e+02
2.300112082015771762e+02
2.212274952179433285e+02
2.199878326535531983e+02
3.614993216162723684e+02
2.429431340683443636e+02
1.627264466019357769e+02
1.045472938478969382e+02
1.468067072380650302e+02
8.529006396731854522e+01
1.679497255847910537e+02
2.942541818851256608e+02
1.071803963331730074e+02
1.236752726349392759e+02
7.387416308620301209e+01
2.635349991694888558e+02
7.650870595798960494e+01
1.458763340934470421e+02
2.248044709894417110e+02
3.263534576201324171e+02
5.572215458829249712e+01
4.025268020057974354e+02
2.632526230230948840e+02
1.807181194916056484e+02
1.374752983701134781e+02
3.076144956256754881e+02
1.036648926625927203e+02
2.347804840165919700e+02
1.997366924250228521e+02
5.482054919755763223e+01
2.390982724218772546e+02
1.108207243223337315e+02
2.168051788945446106e+02
1.189590877187232394e+02
1.738460396794718577e+02
9.340320946883457509e+01
1.730281414459798839e+02
9.078021794255086263e+01
7.143412280824114191e+01
1.355896533709436369e+02
5.882217348578438987e+01
7.337853665376637480e+01
1.205944018535750217e+01
6.151907873379713010e+00
4.306902562010186841e+01
2.283970469086315092e+01
3.908893644809806744e+01
1.519504213255225693e+02
-4.966858822419625596e+01
6.540707819834499048e+01
2.273737463150910116e+02
1.448942948069527006e+02
1.990498125891107861e+02
7.277996260747839585e+01
7.926158988920127513e+01
1.943016155469700266e+02
1.076955086936382600e+02
2.616786373816636910e+02
1.428573763702067652e+02
3.078840739140745768e+02
1.291043542212935904e+02
8.686898620592947395e+01
1.851785223153127049e+02
2.115824488256027394e+02
8.661032766402381355e+01
8.196708284848274673e+01
1.870429379490383326e+02
1.829427479662795690e+02
7.741923957817742519e+01
3.953986280278232925e+02
2.347914451659236192e+02
1.737173852094255153e+02
1.642086632110014079e+02
1.858333098892271664e+02
1.747645185118988138e+02
1.850932560047090192e+02
1.632825965230431962e+02
2.478100813963383757e+02
1.621486611225151364e+02
3.099845707950277074e+02
2.398303360861328315e+02
3.197619771495587315e+01
1.746566232987302101e+02
1.771121455138022611e+02
3.444853071757040652e+01
1.387755878594175272e+02
2.580422937318589334e+02
2.064769490888309633e+02
1.976371423839488557e+02
3.605195543271940437e+02
1.202186305729688058e+02
2.310260194740615702e+02
3.703868546384193223e+02
2.435004185117202837e+02
4.493991917442669148e+01
1.894685417376112468e+02
2.333078389467931402e+02
2.687206021873736290e+02
1.535789235937445483e+02
2.718132471259090153e+02
2.806724256749495794e+02
2.118662842599418354e+02
2.520152963867241169e+02
1.700667023038058687e+02
1.099343447526122048e+02
2.564624836243987147e+02
1.512270656681326386e+02
1.642128199871078209e+02
1.423220154564775157e+02
1.630049388070552823e+02
6.880099718692109434e+01
9.204930766024428124e+01
-6.016921672826491374e+01
3.628642059596371894e+01
2.005040216383999336e+02
1.046991406984480903e+02
7.814559978938567042e+01
1.525423312156283373e+02
1.263925461833325983e+02
1.180232191325901425e+02
9.658752114019829094e+01
2.591585749087744972e+01
-3.437939671600766189e+01
2.185459805290682880e+02
1.739164227514773984e+02
3.607182168369327258e+01
1.071308999521738770e+02
1.754592558912260074e+02
1.382586738696471684e+02
2.362425131936016669e+02
2.324683327740486050e+01
2.315606843417562573e+02
6.678025640180784706e+01
-2.991779364083371462e+01
8.632368499082221547e+01
2.315797895396543709e+02
7.192838963512375017e+01
1.019545891129860280e+02
1.810800667822581431e+02
1.137539553422432732e+02
1.844024322610768536e+02
2.053262348315813028e+02
2.127565708632855035e+02
3.724839013811600239e+02
6.700610968782577004e+01
-1.695232871547709692e+02
2.138186363826197862e+02
8.443078744628607524e+01
1.246301777061805751e+02
1.076959788815218388e+02
-4.200902126304266915e+01
1.656282013707630654e+02
2.055899928673554200e+02
2.398209241194916785e+01
1.158136548399683790e+02
3.855584652706342297e+01
1.886534375519531750e+02
1.877282059927012483e+02
2.332959375071145587e+02
1.471210773487634356e+02
-7.805475754458994686e+01
5.146258011941908705e+01
2.980273378347028483e+02
1.716419824112512629e+02
1.067519679489186188e+02
1.478720617963410859e+02
9.288844173109524149e+00
2.241416749666029773e+00
3.410997400978567384e+01
1.064118764351674287e+02
9.661377843237190177e+01
9.296125695643907250e+01
3.290651165183392379e+01
1.375230083473813352e+02
1.198538158629923061e+02
1.537956244182104228e+02
1.890175964065253424e+02
2.165176868764077085e+02
6.284411042620275367e+01
1.148827452708154908e+02
1.975709131734902257e+02
2.552387346421635357e+02
4.218034399628371034e+01
3.093598063951622521e+02
1.281115317675917709e+02
2.137534979174532737e+02
3.948280173893518707e+01
1.630420790622205232e+02
9.198817353021853194e+01
-8.352258361282977717e+01
1.229873791211785061e+02
3.725074880500493180e+01
8.873962462871384105e+01
4.329199218582327546e+01
7.680457900330335974e+01
2.181911269162471285e+02
2.800941430892216317e+02
3.343151171135318691e+02
1.264423728744634587e+02
8.767243929027303295e+01
1.187745695114250992e+02
1.301524094727245711e+02
-3.351121345757363201e+00
2.386871518826964689e+02
2.211010902208972766e+02
2.075563802191167042e+02
1.297129987612987065e+02
1.763741214293883104e+02
8.810767635265787590e+01
9.744979774241970460e+01
2.801249252172448791e+02
2.086768872283600444e+02
1.740192843257990489e+02
1.631663571838083726e+02
2.967874296850740734e+02
2.507461552766007458e+02
6.830029838577216594e+01
5.592320194051479376e+01
1.812681756468096950e+01
9.704606779412704043e+01
2.493620000488722326e+02
2.478605648480804007e+02
2.787849823638835574e+02
2.022513259202855807e+02
2.903182772862099625e+01
1.967866812458655090e+02
2.708145174546446583e+02
1.228653598343111781e+02
2.216933309655012181e+02
1.962102674003279503e+02
1.206762031920127498e+02
9.461477768766987140e+01
1.087017714527809886e+02
2.709797384840299515e+02
2.316558971519273200e+02
9.280570028071232969e+01
1.134168925804454346e+02
1.591856464408851934e+02
1.332411179326583976e+02
1.753001577420169497e+02
2.734364305512096394e+02
1.085642376083591643e+02
1.394517674680848813e+02
1.130662323642310838e+02
1.501023232483385641e+02
1.125228241419508493e+02
2.935474131963480318e+02
2.250342529284539523e+02
1.722067160023084398e+02
1.293735789690931313e+02
3.638073623555086442e+02
5.255979907584750777e+01
9.389062147571010541e+00
2.580220232370056692e+02
1.057870687954656574e+02
4.438028631156556969e+01
1.526283577241175919e+02
6.538498015168859467e+01
1.699689371837371255e+02
3.280383818911489158e+01
1.296003294079087027e+02
5.458579037115214305e+01
8.506826494606755773e+01
1.070338224254924313e+02
1.447990733757841326e+02
-8.174401192905206415e+01
6.635719833834316717e+01
1.204580750559132269e+02
2.110144244234492703e+02
1.590403807225013111e+02
1.397792824955591868e+02
-2.501011356680830033e+01
1.654248204522295396e+02
8.356610805453982493e+01
9.054951401858890847e+01
1.651941244883367403e+02
1.297315580898150529e+02
1.443936328798744171e+02
1.046532444435318894e+02
1.967085254320633680e+01
1.117481556756216889e+02
2.976131682011236990e+02
2.271311683423136856e+02
2.166337518163727509e+02
1.375454461434157736e+02
8.406030631368403760e+01
9.573151316441381198e+01
3.893668011348538727e+01
1.934132152843280892e+02
-1.456399564661133184e+00
7.432402000500690065e+01
1.181780161428467011e+02
3.467082128870431745e+01
5.501473622848800460e+01
1.286768720729438655e+02
3.611635496644484533e+01
6.642938069533015266e+01
-9.959733116814547316e+00
2.378131707802477735e+01
4.865296811363866425e+01
-3.423137610048172519e+00
1.907507388147995471e+02
2.199229460635866076e+02
1.038196553118997372e+02
1.004076638012201812e+02
6.185116849144205986e+01
1.670641722236408668e+02
6.273289328962668066e+01
5.816876269213334183e+01
8.721225422992749543e+01
3.424206918465563376e+01
9.200638906160240538e+01
7.326964543045838241e+01
1.780208496034773020e+02
-4.377800930283697767e+00
5.110486131161370338e+01
1.776670771831673505e+02
-2.450323329926735028e+01
2.605921250953362573e+02
7.526383909346529322e+01
3.435091560979291216e+02
1.461692738386431643e+02
2.624602198344025510e+02
5.843104521089500025e+01
4.404140181111472430e+01
1.931431418316952886e+01
1.567922033371148416e+01
-1.143461046102127909e+01
1.213600765791879894e+02
-1.303419235164645329e+02
9.082170717532814308e+01
1.320197657145236008e+02
2.138840097448701840e+02
3.257424096758020937e+01
7.944467918474674661e+01
1.097497710970674660e+02
6.572268259503535148e+01
4.314402437628615417e+01
-5.481230134103185492e+00
1.145301037078836828e+02
4.039974877015220045e+02
-3.681635865873853675e+01
1.593332263889102762e+01
2.318546350341649713e+02
6.532239104030414012e+01
-5.889585316381381119e+01
3.938076479728357526e+01
1.276559179943135263e+02
7.207301573593788646e+01
3.375795968156440807e+01
2.627570614624449945e+02
1.385036830220077491e+02
-4.134758090144039500e+00
5.963645333307227503e+01
2.152185147733900408e+02
2.381785057083426409e+02
4.941590911092151117e+01
6.104242564978489582e+01
2.189431722989237983e+02
2.565151154891669307e+02
8.911338995179457356e+01
1.147438590431292766e+02
-2.821173571808317604e+01
-1.439926209386297273e+01
1.101974672816584331e+02
9.890775362397313586e+01
1.348489071616572517e+02
7.403754081385258701e+01
1.296844428948485302e+02
6.721411863592601321e+01
1.228431363409186901e+02
8.892177568101656959e+01
6.247100071614730865e+01
1.071772524500635626e+02
1.655313028386294150e+02
1.584660741180775645e+01
3.212628349021456984e+02
1.483284310317317249e+02
2.842788451928789186e+02
1.598513289648996079e+02
5.879288701069853573e+01
1.960702310074275942e+02
1.002095334928196166e+02
1.749035558477336849e+02
5.357324874647308377e+01
1.015844871972233108e+02
4.359776117094383352e+01
2.015474469275631009e+02
-8.947755762304642246e+01
1.651944042479398149e+02
1.094353676098329373e+02
1.969033273952780974e+02
8.953358411509702819e+01
1.960708739764891675e+02
1.574504886573820670e+02
9.870659484260374938e+01
3.380693011008247595e+02
7.638415655408155658e+01
-7.896897945728554191e+00
6.825804962002681009e+01
1.943613312597673257e+02
2.772640202162343712e+02
7.323944990937249599e+01
-6.166814671012832605e+01
-2.808654315654056433e+01
1.686751027518801607e+02
2.016126173754081492e+02
4.016891557812038371e+01
6.766641982544362577e+01
1.532261034310232617e+02
1.170330677160787616e+02
1.257984236024855562e+02
2.286630323549706532e+02
1.829765323922666198e+02
1.326821202598233640e+02
2.053323418071205992e+02
1.453644476026241250e+02
1.046411831643464012e+02
2.442268567158172345e+02
7.939099550858333032e+01
1.018007224784148832e+02
1.001329665241857754e+02
7.916000143565550218e+01
1.064659613558028184e+02
3.180576994340192698e+01
1.774953267576119060e+02
2.049988471164505199e+02
-4.337023899553913964e+01
1.855463338306989840e+02
1.490098593874402582e+02
1.534015654735109138e+02
2.273274587729164296e+02
-2.108151697201314789e+01
-6.149538412819377697e+01
1.689756120351459572e+02
8.743100570569282581e+01
-2.260101198748361639e+01
1.684986899918060885e+02
1.606974794179189416e+02
9.687769750971436622e+01
1.456938852111908318e+02
3.527269663351189877e+01
7.724678087429074935e+01
6.743880064146634368e+01
3.668407268222672712e+01
5.738098437312491740e+01
1.195981902830846479e+02
1.422082347040093850e+02
3.606683636489435685e+00
1.278205782952617824e+02
2.682976379659188524e+02
-7.773230364527127279e+01
-7.369842108339095432e+01
1.569138222122252273e+02
6.384086305741884360e+01
9.550408324513585967e+01
1.767464743257780242e+02
4.058013484961935546e+01
6.145443590461717775e+01
3.345665331602472747e+01
1.465263986147704145e+02
1.360927790826322621e+02
2.203711654089594845e+02
1.388461232991759857e+02
6.197474307312786834e+01
1.778832002462291371e+02
1.615767169736055280e+02
6.103998170855996364e+01
7.503640247860792556e+01
1.433766507396435372e+02
8.685519934421833455e+01
2.197919438081711974e+02
1.325807674734199111e+02
1.557093034300772274e+02
1.338532156602297007e+01
1.263609144834053239e+02
1.956106623889860998e+02
9.584606539559453608e+01
5.285196205064328012e+01
9.371357468723007855e+01
1.707144196865083927e+02
9.738891139110305062e+01
2.495138772320193965e+01
1.206456723193858380e+02
1.760014199782808078e+02
4.439780738342244604e+01
1.948925875026494623e+02
3.572792089022259177e+01
6.243272705406982936e+01
1.103797826780402858e+02
7.168444236446431717e+01
4.442569712768690948e+01
3.142636535867897010e+02
9.874221260723849980e+01
5.754896332907578937e+01
8.303012530731440677e+01
1.449363876478624888e+02
1.492185037657283715e+02
1.797579635883224114e+02
1.744774539526184185e+02
1.253373836027606814e+02
-5.425773470265967546e+01
1.712286720447540347e+02
5.445959246556633104e+01
1.160770221128515658e+02
1.064977741238591591e+02
-4.282382765202470409e-01
-6.071275612991060200e+01
1.775948548065758246e+02
1.057061910241955474e+02
8.409135001115802766e+01
7.307438834184915777e+01
2.687826003833677078e+02
1.227391730466529651e+02
2.228548931830184188e+02
7.345177635121325466e+01
-8.517413303759994392e+00
1.145185290076582874e+02
9.645159596207787445e+01
2.469892629935013701e+02
1.056774298552162321e+02
1.164576939335968149e+02
-6.953278925390794996e+01
2.111508295215425619e+02
1.344790504929833901e+02
1.471949461248106559e+02
4.852639145746381644e+01
1.309397948952121169e+02
1.798212749428661255e+02
1.934693777799287204e+02
5.026737269329665025e+00
-9.969553186357599373e+01
1.308912885433936992e+02
1.191510982338375726e+02
7.584956679964480486e+01
1.332184977211191494e+02
2.218790953215656145e+02
1.099129940285402114e+02
1.279036530444109161e+02
5.826899153350113636e+01
2.154327733276431900e+02
2.914619283738677495e+02
-7.914053760737341747e+01
3.993316818461594266e+02
2.109355413698857546e+02
1.218058935673545164e+02
2.765785969180763573e+02
1.833573963636869735e+02
6.454127270548391948e+01
5.307239776377964091e+01
2.837720880070093585e+02
1.040203870073226966e+02
2.086382137651453377e+02
2.618355555100365564e+02
1.305323197048855377e+02
1.143781790979433168e+02
4.359203067413056942e+02
1.818043364841497578e+02
2.977514722229991548e+02
6.829534822958166274e+01
-1.586759485434550498e+01
2.412098395205240990e+02
3.236400018786973760e+02
-2.612009523998494842e+01
1.264033403661093757e+02
3.108971226514027535e+02
2.317255862828776003e+02
2.597032946209115494e+02
1.826992285705717336e+02
2.239593108781141382e+02
4.228636990953354058e+01
2.518663573820556394e+02
9.234903097718375875e+01
2.284796694481390205e+02
6.355815007035406694e+00
3.264661420314092197e+02
1.953493700541919225e+02
1.636842426615360750e+02
1.171762916843676265e+02
-1.017906289311766699e+02
1.381964476373597108e+02
8.337484622747705032e+01
1.879214777261139488e+02
9.434671609786613544e+01
2.210719845398208463e+02
-7.347297281129665691e+01
2.610212360633970547e+02
2.841166512486531701e+02
2.155601790790075256e+02
2.917240216480408321e+02
1.268330302302518646e+02
1.363669063438566411e+02
1.881896044580832950e+01
5.080149951974156863e+01
3.550651197900521652e+02
2.062711956496921744e+02
1.502912973999018504e+02
5.103186881144224429e+01
2.174891537864482984e+02
1.954087807246351645e+02
1.673055499096130916e+02
2.227590007091972666e+02
2.321213203793605828e+01
1.414065267554778700e+02
1.470745695048535708e+02
1.557578858868793077e+02
6.619098678635876354e+01
1.594961794247535067e+02
1.659796261630932008e+02
7.782781573379695317e+01
2.090774127103229603e+02
5.540811785869316708e+01
-6.529292616224319090e+01
2.787565707577840044e+02
1.192922471270860143e+02
1.921626814808125232e+02
6.331495042253352779e+01
2.812353192007876146e+02
-1.248408969327291658e+02
7.283891473968307650e+01
1.606187628003901295e+02
3.261067174442939631e+02
2.573276805272504362e+02
2.386853598627054680e+02
1.129179876385731234e+02
2.828798472301568268e+02
2.782433077747499510e+02
2.614941488826199247e+02
4.878886497921939025e+01
6.798870957737402421e+01
8.687033030163365765e+01
2.290272578849531442e+02
1.158213721549228694e+02
7.831761438523710694e+01
3.955236483564070227e+01
2.362278839636548469e+02
1.766451357900173207e+02
1.851095756276217230e+02
-3.361385671621111726e+01
-1.404619608108712896e+02
3.382694343064131317e+02
1.019300899975940524e+02
1.407105849633345542e+02
2.098954989209452719e+02
1.604981726878573909e+02
1.342949110774749215e+02
1.820150848192482727e+02
2.821569190193774830e+02
7.283240602836444566e+01
2.626555040035104298e+02
6.790920675670514584e+01
3.204745035512237905e+01
2.999063138858705315e+02
7.934792089019722994e+01
3.945962433156809652e+02
5.073388425201645191e+01
1.338734311792608764e+02
1.425011940987412800e+02
2.220269132500139904e+02
4.883018546234613666e+01
1.604674718948315331e+02
1.546046776338191080e+02
1.768186738284225612e+02
1.720791677477978396e+02
1.772855824961430358e+02
5.269433714034688876e+01
1.269239738220030489e+02
9.804043991644903144e+01
2.802937591044257601e+02
1.168221494481770293e+02
3.473197642272813823e+01
3.004240984545139668e+02
1.037463857100210021e+02
3.380473869762976733e+02
1.327140035121691994e+02
2.056922510158968294e+02
2.506340451503923532e+02
5.154880267156649865e+01
4.308292074069991173e+01
1.960470726200195486e+02
-1.107133072305036592e+01
1.306147790877322734e+01
1.715954412491344101e+02
2.649436226201449358e+02
2.364008676262110384e+02
1.345218694584886521e+02
1.527942011789557455e+02
3.203660535096852868e+02
1.522551206173504852e+02
2.556492760341697021e+02
1.684163390497926684e+02
1.825348334247914295e+02
1.642989347411542553e+02
1.248732901169602769e+02
8.917824952500674840e+01
8.582188953819219535e+01
1.495026470043464428e+02
2.239447026019954592e+02
6.838996380866305458e+01
3.688391923149876561e+01
1.615798981257925249e+01
3.249706115250534566e+01
1.860531383782876560e+02
2.332313399174971096e+02
1.060786264748570460e+02
1.994846256887532832e+02
3.102062088611852460e+02
2.301589973123055870e+02
1.647558517925852470e+02
2.105235684082950911e+02
1.949933090085929166e+02
2.171246910845353000e+02
1.432790903377101586e+02
2.348891375816918412e+02
1.302785187751776448e+02
-8.045696882151278828e+01
2.492689281841835935e+01
1.929028858585617172e+02
3.334663782256417619e+01
-3.261812928587764304e+01
2.580031167805504424e+02
2.039742622379565091e+02
2.877674858837910392e+02
3.187870820270640593e+01
9.955773848542501980e+01
1.719678530134788730e+02
7.294498379824645440e+01
2.130447350732330278e+02
1.924322781340655979e+02
3.400489166013878162e+02
-8.622532915337600912e+00
1.809310974501162264e+02
2.963815456105155590e+02
5.841001728103505286e+01
2.701639979833916527e+02
3.205371107326629954e+02
1.106015860568566467e+01
2.368372323666804391e+02
2.129206046791547351e+02
6.796658956464563062e+01
2.173833197869871583e+02
2.056328142031493655e+01
2.795435501077821527e+02
9.582269211079477600e+01
3.179766419698336222e+01
4.154236755239543299e+01
1.161970687716048900e+02
2.881985846616219646e+02
6.032421033875304772e+01
2.642096328726303796e+02
2.642862623513516382e+02
2.092490456569623234e+02
7.417775369968326515e+01
1.532574007392880446e+02
2.173143500530110259e+02
3.439326445560107004e+02
1.518533701476619626e+02
3.212233860518919215e+01
7.797347777875600627e+01
8.643949574412562242e+01
2.283159187912086168e+02
1.068949071225839589e+02
1.104763321419055586e+02
4.640888684191384073e+01
1.514253759411832903e+02
-4.605917926941926055e+01
1.474775110346441238e+02
2.827477280307043657e+02
2.000493828041772986e+02
1.907780971599482314e+02
1.202554264336059049e+02
1.583748476537559213e+02
-8.600404662284461210e+00
1.936249819588118157e+02
3.142811420351749234e+02
8.826829404797848611e+01
3.297356639558239522e+01
2.950795087945700743e+02
1.082018159816601610e+02
2.439523614036639856e+02
1.123503618940814732e+02
2.118739761180752907e+02
2.786110208689848378e+02
1.261230828314309491e+02
1.685985041015717343e+02
2.308515389133111739e+02
1.013264781134051020e+02
7.842379689485039762e+01
1.338573842137697625e+02
2.584178692686887757e+02
2.192053896688703958e+02
1.486088157311904183e+02
1.580263783294519442e+01
2.922985195009214294e+02
6.740599361036105108e+01
1.494941690219451971e+02
1.277098018283659968e+02
1.059055494809079931e+02
2.393974860151283792e+02
6.323335205650718649e+01
1.595625685143701844e+02
-8.909225399139141643e+01
1.982247542852651918e+02
8.031453309201612001e+01
2.118040199739957643e+02
3.622640165252524724e+01
2.630968640144578217e+02
2.360123509235848474e+02
2.287236909795167321e+02
4.624472097316058239e+01
1.357141655890539482e+02
3.381443625099435053e+02
1.614384584785532297e+02
1.680595151239336360e+02
-1.245570467946396320e+01
1.724252527544385316e+02
2.226946576813359684e+02
2.527895725897636225e+02
1.469807510597489113e+02
1.413365594730314569e+02
1.632762169954758065e+02
1.075391610735231751e+02
-8.732134919679594987e-01
3.332508340778904312e+02
1.876696067080490593e+02
3.373416160071816421e+02
9.654818030776566218e+01
4.239391055986550327e+01
3.127515607076814490e+02
3.221692929804870431e+01
2.491261751655898706e+02
3.591434052512681774e+02
2.924444624695730681e+02
6.512908186485843487e+01
6.068000511521647411e+01
2.609218959105613749e+02
2.942282789361232176e+02
3.182301789873435496e+02
2.287320011839275367e+02
2.806706129575251794e+02
6.077437799469720403e+01
3.364499067495572717e+02
2.323830176297214507e+02
1.867788386395539533e+02
1.829288732386424954e+02
4.958410734974606271e+01
2.903973750704244594e+02
1.514940848201598271e+02
2.681534688563183408e+02
1.216522548849679879e+02
2.195736740597032508e+02
1.113681496849963821e+02
2.078823890450403269e+02
2.155289079786685988e+02
1.059436380150888510e+02
2.572540365575966348e+02
2.320001064646931468e+02
-3.599473813353718299e+01
4.174147929115369493e+02
8.864669827701825966e+01
2.254762161378048404e+02
1.684673169868252103e+02
-2.529441333087646626e+00
6.034300996649508875e+01
9.393334158939306633e+01
1.512415545944182043e+02
2.585147869624656778e+02
1.949849690157979580e+02
7.808265741294424345e+01
2.809379201467374401e+02
2.104199974296953997e+02
2.239912219400445679e+02
-1.489338309237405156e+01
1.716866409672338136e+02
8.916022496158376498e+01
1.402468445291739556e+02
2.186501529047052372e+02
3.021385629846544134e+02
2.546781706147492628e+02
3.819534671427669537e+02
3.027817725833352256e+02
3.097333568749233450e+02
1.705406545421345186e+02
1.820328210057712681e+02
2.688909621535201495e+02
1.228914776701534493e+02
2.702442960306610757e+02
1.260197975287281480e+02
4.848200679156853710e+01
2.665574695629861139e+02
1.928494458895827393e+02
2.002022315415700291e+02
1.984524375656146731e+02
2.517845336679242223e+02
1.441942268770588669e+02
2.509072933039574309e+02
3.510717184135089610e+02
3.911887131829014379e+02
2.579256939992874891e+02
9.848772673535387412e+01
7.039567391757965709e+01
2.425057340439501559e+02
2.273967667991230996e+02
1.660825618609042635e+02
2.094565979027014464e+02
1.646195029657895930e+02
2.426036342079955261e+02
7.689358296564051898e+01
5.367154587277649114e+01
2.999359923955449858e+02
2.293850141281871515e+02
1.528633739699932619e+02
2.676079095172925690e+02
-7.444982632372210674e+01
2.870132545071546701e+02
1.155536033322735534e+02
1.571717509089191935e+02
1.463539388558140786e+01
1.108517974483335848e+02
1.219116097789464703e+02
1.254539050118827248e+02
1.496263381220990709e+02
1.766083210932625320e+02
2.061111488915339578e+02
1.620268370528985429e+02
3.119074183814468029e+02
1.907908279620628491e+02
-3.619527266916036012e+01
3.398320209091347692e+02
2.174126757580016829e+02
2.222769173614051397e+02
1.226195882269228008e+02
6.182772335025875776e+01
2.233404451694021873e+02
2.533810694541572843e+02
8.680067186106141719e+01
3.991027276439326954e+01
3.219812576093123653e+02
1.527888270225166139e+02
2.223631742345648377e+02
3.385059587137031656e+01
1.355730637135845313e+02
2.187409508868822741e+02
2.911027478275594405e+01
2.279331541124781779e+02
2.819807396136466764e+02
2.462973891420226664e+02
1.142952715867034215e+02
2.539454033819590677e+02
-1.419072744011999276e+01
2.352187916755497668e+02
1.228882895181014234e+01
-2.308232515123090423e+01
2.408164929573850941e+02
1.301626030754516137e+02
8.838382856685538513e+01
3.721341042530832510e+02
2.347989099556522774e+02
1.166105101101509405e+02
3.181867219022421409e+02
1.903583107394575222e+02
1.774577974972525567e+02
1.159199124698704537e+02
2.618783743411389082e+02
2.425549208172790259e+02
1.530745272187069190e+02
2.279639739847200985e+02
3.352891712051640525e+02
1.762686276898128881e+02
1.619756416616798447e+02
2.686628684159715021e+02
1.588088803152469382e+02
4.149388000982305584e+02
1.500601960223454228e+02
1.288281782511615461e+02
1.428853405615656698e+02
2.342350831689558390e+02
1.156985542215289371e+02
2.066836312824104880e+02
2.428284103176181929e+02
1.114872345713930741e+02
1.664419231546331162e+02
1.614582602945033045e+02
2.515972262177863286e+02
2.197194579615499492e+02
2.701730963432272574e+02
2.208008239418221592e+02
1.670555559863615827e+02
3.223483013161441022e+02
2.165340062768988219e+02
2.065322397080548740e+02
1.970214882084109718e+02
1.400242329110552646e+02
2.161963786770129445e+02
3.120377464007482331e+02
2.756148225750541769e+02
2.443896787059968005e+02
1.400626187693904967e+02
6.402761960129414831e+01
1.893284865186891466e+02
8.078754409637372191e+01
1.575257776371439604e+02
2.092223645672212342e+02
2.764117407395900727e+02
1.699791878549021931e+02
3.545798561307433943e+02
3.037998407999930350e+02
2.045605735533436587e+02
2.417455164423644760e+02
3.412994024288126411e+02
1.126971273621848155e+02
3.048776562984884322e+02
2.766678129128253545e+02
2.095478417975749608e+02
7.043786483437527579e+01
1.223213569562361442e+02
1.698419980986806763e+02
1.080211414340164851e+02
2.562528326180191129e+02
1.420615200769319983e+02
1.947707923685739502e+02
1.025546484909429097e+02
8.089460830046888873e+00
1.776775673750768192e+02
2.330898423043594221e+02
9.786008459180895613e+01
2.683706804856570898e+02
3.428238099632637841e+02
1.271337764472493177e+02
2.380969784948627535e+02
1.021417040375640539e+02
1.885868533851681264e+02
7.745972127549023867e+00
1.312180174614701968e+02
1.825474065881661545e+02
3.521456153719941540e+02
2.421886340585191419e+02
2.817881060027596618e+02
1.221865232303559452e+02
1.792529458268662665e+02
2.311732987486058732e+02
1.636918953998859934e+02
1.124897646616955029e+02
-2.178626032996135109e+01
2.229348990393427243e+02
7.007610089670475872e+01
8.689411501416125816e+01
3.431676363231576943e+02
2.727759945155722221e+02
2.320612769066026431e+02
6.448911140384936402e+01
2.165070504078584008e+02
2.505347979334535466e+02
2.845020551482691076e+02
3.069361372610190415e+02
3.330817654806029964e+02
1.894931266059434734e+02
2.254047938968317908e+02
1.143552295536947412e+02
2.003662068494571145e+02
5.700202335944897669e+00
1.244364989990589550e+02
1.014675477164215209e+02
3.447588361755315134e+00
5.305661519662361769e+01
2.350231465837801181e+01
1.777136288015684613e+02
1.128288563598007386e+02
1.307852699517965505e+02
3.835047616471135257e+01
1.234245519117900329e+02
1.638724209013944346e+02
4.994202169739661201e+01
1.915465204623541808e+02
1.482381769355701238e+02
2.627512857293241950e+02
8.157917095911258798e+01
1.821144681256213715e+01
3.958604853670424006e+01
1.821871301228883340e+02
9.844894456744242461e+01
1.244105437563658114e+02
1.488556277149921243e+02
1.095653552194072944e+02
1.208672352601646338e+02
1.245975602598256557e+02
4.713402145725218872e+00
2.591743641303687085e+01
2.288544612193055059e+02
2.888452935559290040e+02
1.402921303360188858e+02
-3.688188741994385111e+01
2.853297527790085724e+02
4.691300030436423185e+01
2.112718171085556378e+02
8.689582455740217881e+01
1.981306387717095276e+02
3.799416052014238403e+02
4.774926034406419717e+00
2.750008393935633535e+02
1.688032037058023889e+02
1.596663886579057703e+02
1.645640534550784082e+02
-1.127944464079808284e+01
9.897002798020292857e+01
2.122489024776600104e+02
1.575664260805697836e+01
2.012765570758195395e+02
9.109951973885750931e+01
2.552942167956825870e+02
1.746014171312198187e+02
3.854582175106308739e+01
9.073339921795910357e+01
1.419389938524799959e+02
4.383140825019985698e+01
2.466374801870062470e+02
1.491768866512603608e+02
-5.035236518647899118e+00
2.447914177752917908e+02
1.376406287150017533e+02
6.749610946664334676e+01
1.791722210045917336e+02
1.333655889880875520e+02
3.129868540659308564e+02
3.080018375431911863e+02
1.226378223755864951e+02
1.023681611447923530e+02
1.060496301192663253e+02
1.971786389699875599e+02
1.436189291342505499e+02
3.031334481977767155e+02
2.309011866582259813e+02
2.570071879249113636e+02
1.960487888089238027e+02
9.999183978882442148e-01
1.601365019026836194e+02
2.214062462517626955e+02
6.713808940766911348e+01
1.957418919411148295e+02
1.431319035283966343e+02
2.734023077416578076e+02
1.115951538505436389e+02
5.351833346910319733e+01
4.274425709356028591e+01
1.589349934404343117e+02
1.992768092877858521e+02
4.230891150043370885e+01
1.450186156462189615e+02
3.001132259677814886e+02
1.932368256351878131e+02
1.137919007288441833e+02
1.366324974088686304e+02
1.864899906575687965e+02
-3.199600623333139993e+00
2.031178198647104978e+02
1.126913743327383344e+02
2.079410991812011957e+02
1.996375568121783317e+02
1.628973204448152501e+02
1.607028951709499438e+02
1.268380129875684332e+02
1.261841729379118249e+02
1.004029755011438709e+02
2.294675790788616609e+02
3.793695530531749682e+00
2.066199346225634486e+02
3.685636321131308080e+01
5.944667764120705300e+01
1.604101736836776411e+02
-3.175788667703905332e+01
8.136511592850482089e+01
5.664561059604862692e+01
5.453504996740614530e+01
9.722793621958396670e+01
1.782843134403420891e+02
2.307247725787565287e+02
7.208087117436235758e+01
-1.046647719244121362e+02
1.629994168569509156e+02
2.847685015580309482e+02
1.801749560659116014e+02
2.907254085838397373e+01
9.061259300767919456e+01
3.547322808316309874e+02
9.115010809358824417e+01
9.540729340763803634e+01
2.182837889904645294e+02
2.986849962697563683e+02
1.352827717858577330e+02
1.470881443420260553e+02
1.269748408013343663e+02
5.757973798797542742e+01
2.343852030652763005e+02
8.261263002237510022e+01
1.684053638990865807e+02
2.258971121957035848e+02
1.777128881890050138e+02
1.208069612813693681e+02
2.221348131161537935e+02
8.248686473154708665e+01
2.044457707074457744e+02
1.710507124716168619e+02
1.443187754841663946e+02
1.103099979951730347e+02
1.230768351791982269e+02
2.679702757764175658e+02
1.909789177535657814e+02
2.155393449043402825e+02
2.081246784315816853e+02
2.896188425602829852e+01
2.953525935620149880e+02
2.413684926855585218e+02
2.108045208420043082e+02
6.881615439910244447e+01
1.065205294969551915e+02
6.020341235492995224e+01
3.354281611318080536e+01
1.088918882375490398e+02
1.999002834725246203e+02
1.966659819474936057e+02
9.152237541954917788e+01
1.504016944151249504e+02
1.425711928783511553e+02
1.700711472080748763e+02
1.913757369395694923e+02
1.659287391122803115e+02
1.487205124726825147e+02
-2.492034960487064410e+01
2.152103860604806300e+02
-2.510120570462154888e+01
2.821824510652336926e+02
1.468199976586483899e+02
1.679417704896738428e+01
1.047986289443743289e+02
5.045739637319415749e+01
1.902231603877687576e+02
1.358577310041416695e+02
1.108981440600290824e+02
8.296030690758598780e+00
1.357734654273219803e+02
8.046747488456618669e+01
1.498640004755337145e+02
3.890319495835559849e+01
1.800627358551351449e+02
1.711495419532473079e+02
6.445150670076191091e+01
2.285643762315640402e+02
1.476805270120946147e+02
1.151667710263577220e+02
1.230072233673613340e+02
7.201944241535291269e+01
1.158484286683726481e+02
2.398916466612952831e+02
1.946135295620918555e+02
1.111648340508990742e+02
2.065306188816545614e+02
1.836745301537376918e+00
2.522882919704278493e+02
5.665428740941884200e+01
-8.539016721152019329e+01
1.607545064252047951e+02
3.654226047366381636e+01
1.673651820193774711e+02
1.719891971035892198e+02
1.462504837952022285e+01
1.379330572014030167e+02
1.640400313439249658e+02
4.487676174199741297e+01
4.604569287385763232e+01
6.443011882945687319e+01
5.002791175860399164e+01
-2.183880127119337544e+00
5.119180309203534307e+01
3.003693065482101332e+01
3.497487677532911476e+01
1.272210033771346787e+02
1.996083894787324198e+02
-3.618977701195650809e+01
1.673388117356428779e+02
3.183623057248106534e+02
7.181202852970825745e+01
1.745117604605492261e+02
6.006788495765786706e+01
1.781717889741691465e+02
2.391549680722871472e+02
2.711383124111572442e+02
1.327867528212704542e+02
1.262232849231283609e+02
1.959131864576721114e+02
9.889611932604897504e+01
-6.528644375524621069e+01
1.556320688361242333e+02
1.543249487173831653e+02
4.704805189223315409e+01
-8.388302822539884573e+00
7.965714686365953412e+01
1.513191701476391700e+02
2.953607935552387289e+02
1.792536487396601785e+01
3.390387327372428672e+01
1.597361136566276230e+02
-6.768615098027504473e+01
1.520828489530401271e+02
2.876842574190497430e+02
1.551834076985671800e+02
1.011958811223477994e+02
9.725046363516625547e+00
1.004334264380444068e+02
1.457970086186747380e+02
1.154050819978070308e+01
2.043307270889773264e+01
6.443799396650362610e+01
2.121701956581968034e+02
-1.285817320977920275e+01
2.168671853227663178e+02
2.013667376057684351e+02
6.985856479460585433e+01
1.073371620568519376e+02
3.375317817582728708e+01
1.305725473176689206e+02
9.527275508821658434e+01
1.768305662282018602e+02
1.837291203880673152e+02
1.802344730889500397e+02
1.481327995764296475e+02
1.101013196195295194e+02
1.332668928850997077e+02
-1.794810811948032381e+01
1.641465844573313575e+02
1.931022495512114574e+02
1.209081408979297834e+02
2.257137247402739035e+02
1.932730190747142842e+02
1.576186515176858052e+02
8.727498520096688139e+00
1.523982706213651284e+02
2.462039946369876589e+02
6.276449583235064722e+01
7.724481972862405144e+01
-5.428554583600599415e+01
8.246083901497625845e+01
1.855362491959044746e+02
1.914858657980419139e+02
5.219316771785898368e+00
9.224614488861587347e+01
4.983071814595034965e+01
2.113399529896592526e+02
6.057919458523494427e+01
2.587574523873536236e+01
9.054628483382606419e+01
1.421591763602805827e+02
1.429427570887613115e+02
1.320725749038892332e+02
5.669435100233425118e+01
1.071104414383237753e+02
1.396510187834408612e+02
1.270407231190732205e+02
2.474551302531214674e+02
5.366831040579568679e+01
1.285358305260625684e+02
2.447475328671922057e+02
2.123119057333321393e+02
9.890437439194735703e+01
2.613815227494530404e+02
5.237459038595542182e+01
3.020292275112738025e+02
1.066537996450449128e+02
2.133520170266981495e+02
1.132997187815348212e+02
-2.043572664046084242e+01
1.375759577158308389e+02
2.366327367218698896e+02
1.690430988506245171e+02
1.676000159130634870e+02
2.260600244801975123e+02
1.626209018704528830e+02
8.011253547510244744e+01
-2.641825535877717357e+01
1.937580901473954782e+02
4.294866869006519039e+00
8.506113215877994094e+01
1.101411096677353214e+02
7.193965233194182929e+01
4.004511775472344652e+02
3.417524331230093821e+02
1.822185138937214788e+02
2.451177190117605278e+02
1.041909417751913196e+02
3.805440311686968471e+02
1.655461884109095081e+02
2.170192583353459099e+02
2.326454333975377153e+02
1.105369410808346942e+02
9.111379335167332272e+01
9.036513002403646055e+01
1.185348464686214101e+02
1.826879737517084550e+02
1.524640407942636955e+02
2.214402144238346182e+02
2.312140925022363831e+02
7.762679583857990906e+01
2.738170372142111546e+02
3.891157438632587855e+02
1.191912295154596109e+02
1.532302062905231423e+02
8.514313354922968813e+01
4.175973476355505909e+01
2.173517949978312345e+02
2.809174019352881260e+02
3.311709723343587939e+02
4.571325525020512259e+01
2.518168215823697551e+02
3.915550283215054606e+00
1.937878858311937051e+02
2.696383349915793701e+02
2.319762296305746645e+02
3.020039286099360254e+01
6.579948884768171524e+00
8.923312935934998791e+01
2.290326005269435541e+02
2.231042930396890824e+02
-1.331804655773360935e+01
9.986343365162353791e+01
2.880332929205081882e+00
2.243191654597090405e+02
8.423733488426815086e+01
9.048449722249388572e+01
-1.529924130107647784e+01
2.895978465190252678e+02
9.846774926878046585e+01
1.713878964426644416e+02
1.260632898856658102e+02
1.187783410072317167e+02
3.020812228424177306e+02
1.641742066286562363e+02
2.648839307499935103e+01
1.657149185541283032e+02
9.307232285541184069e+01
1.160039003193631544e+02
1.784244144183070375e+02
1.487512248729716475e+02
-1.341492941852493459e-01
1.878618649369223590e+02
1.675304157536912726e+02
1.382288060272315988e+02
1.322119400764188413e+02
2.577964284685420466e+02
1.482299934162272734e+02
8.789774416780745980e+01
3.447306889063706592e+01
-2.305293001064902114e+01
4.540492634020561979e+01
1.731305431418676903e+02
7.874125390925178181e+01
1.147749559855742518e+02
9.406398135596029420e+01
1.044864965849450016e+02
-1.258950501635715113e+01
1.265680068349554830e+02
8.747745370206612847e+01
-7.763260404512607238e+00
6.197004081918622376e+01
1.677237169805828216e+02
-4.706750130582017277e+01
1.161818620301934004e+02
1.375993060549663198e+02
-6.940966392026092535e+01
3.530559611121776697e+01
1.822176663838712898e+02
3.609444610783627354e+02
-4.715667786058095601e+01
1.554451481364824872e+02
9.094969154507923292e+01
1.109798720201596751e+02
9.295240446693389913e+01
2.019271911361568641e+02
1.415502615484714681e+02
-6.848364317429570747e+00
7.324934990054870809e+01
3.710726579384282786e+01
2.141534929382614791e+02
3.831670530342570373e+02
1.921347863349883482e+02
2.185460803089769684e+02
2.795166344298445438e+02
1.870280171144909787e+02
5.632027933890985594e+01
9.524798142149363400e+01
1.400054131378078921e+02
6.224491298383766491e+01
1.318224524327864629e+02
1.927392172060287407e+02
9.680315068541088408e+01
9.211736350839564125e+01
3.171811459286664103e+02
1.712212014442419559e+02
1.987080434346678999e+02
3.157544454650850980e+02
-3.763693372078023458e+01
2.370857220698821379e+02
1.720923216130271385e+02
8.767030111845741658e+01
2.435004308285643333e+02
-3.330479328528227256e+01
4.068760862552645108e+02
4.104596344568757615e+01
7.637233204080773419e+01
9.852512280992608851e+01
1.088105535076737027e+02
1.344795646867958681e+02
2.295467296676730484e+02
7.791398856835141373e+01
1.760446568993127130e+02
2.025539070395279850e+02
1.605159277883928439e+02
3.335126367980783471e+02
2.573127978506930731e+02
2.811799925281295032e+02
3.817659897475605248e+02
2.477739483153861784e+02
1.556906779891824328e+02
1.821755069912039744e+02
1.417830106395699090e+02
9.806388332307987810e+01
2.605320397275808091e+02
1.323842106419580773e+02
2.654146875253904909e+02
1.776457424355888861e+02
2.324472521120388819e+02
2.555981628408008532e+02
1.063773122419872550e+02
1.821949650856836911e+02
1.909822579782309049e+02
6.685057400169918651e+01
1.615703378403356965e+02
1.823799029578156592e+02
1.670636984337374429e+02
1.955947519075397736e+02
1.535893916980552945e+02
2.186908041437827706e+02
3.173573418010107048e+02
1.733120215294740092e+02
7.836425363377747999e+01
2.241952332354965733e+02
5.701112259577748773e+02
3.800430380655280374e+02
8.296164134952356051e+01
2.178825774507259325e+02
3.025493011329360797e+02
1.868346807309969222e+02
2.916798678699161655e+02
3.351180922171415091e+02
1.728694620618365434e+02
1.878775527850662002e+02
2.234262193434265100e+02
1.677958623885719476e+02
2.405067778585579958e+02
3.302810350605820418e+02
6.197589243642319445e+01
2.374144158193740850e+02
1.253818676975226225e+02
2.482081499882634716e+02
1.232321444863791413e+02
2.218359987775016862e+02
2.692393296905935927e+02
2.832611332987567607e+02
2.800668143924710876e+02
2.084035107211918785e+02
3.582813308199425819e+02
9.748432695392430958e+01
1.590548371813369499e+02
1.652813712323997493e+02
2.407161529083907681e+02
1.367628435629834485e+02
2.426717049047635442e+02
1.844961769688964637e+02
6.720153243212624261e+01
2.618749489295562398e+02
1.260849922198452049e+02
1.434175687260374730e+02
3.288981388652895816e+02
1.445235932997395309e+02
1.896118277942494501e+02
1.775461106419659814e+02
1.783323700758251675e+02
1.814023373701996888e+02
1.827920451211560930e+02
3.479654743848472549e+02
2.580989975831199104e+02
3.042011795437136925e+02
2.168417805096544271e+02
8.515315452998827084e+01
4.758634761167896698e+01
2.522799335186055458e+01
3.951762078707257331e+01
1.867110841685392302e+02
1.971379094431030694e+02
1.402113728218308779e+02
3.255879527035561694e+01
1.404895129083438405e+02
1.417778912214419051e+02
-2.479661258684531333e+01
1.492704642643823831e+02
2.377419318054769519e+02
2.551333929393907738e+02
1.401122565943442169e+02
-5.267286273199327695e+01
1.948402200860634821e+02
1.840600218024237620e+02
2.061882470357568309e+01
4.442110526787921287e+00
7.052113684153604822e+01
7.437134991012172236e+01
2.513369861480873055e+02
8.524486027385358966e+01
3.345482243223132457e+01
2.112857686861937054e+02
-5.240430763164657435e+01
1.694861628826268429e+02
2.651891096146078439e+02
2.195446021875774818e+02
1.843835243232769585e+02
1.487260822692878719e+02
2.396341127774235815e+02
3.040397686196813538e+02
2.091651830703575570e+02
1.338331232228679255e+02
6.207814114705490738e+01
1.092955828683356856e+01
1.523335756205486859e+02
4.191979376176840333e+01
8.341726298379575155e+01
2.713558778402863254e+02
9.508564763836184852e+01
5.652105820607602027e+01
3.339954861760699032e+02
3.057385005061286165e+01
2.653254199131567361e+02
2.813104538898421083e+02
2.541817499141807275e+02
4.342370811738415171e+01
2.033068238328720554e+02
1.868385483731797194e+02
2.718978136331881501e+02
2.768088233223529642e+02
1.574589327034325947e+02
1.649134872194174477e+02
2.709034340628659265e+02
1.061989950500310727e+02
1.936216911836224313e+02
1.750869056149875291e+02
1.292223345900520144e+02
-3.597273259623777619e+01
1.232466795624230826e+01
2.377132035184948222e+02
1.196262045029328078e+02
8.791713808062867486e+01
2.444898438024958409e+02
1.472288222310058359e+02
-2.628128241625910988e+01
1.646210167808554843e+02
1.808473754570628103e+02
1.034535409890006719e+02
8.709713914535012691e+01
1.701192615887793522e+02
1.911200803173087479e+02
2.142442071038828999e+02
2.079947903580915636e+02
2.787536240704919237e+02
2.304419776812730447e+01
2.538998017714225739e+02
2.390476619841047636e+02
8.730337577912470692e+01
1.122853697398200552e+02
1.409259886845709104e+02
1.659421063822866245e+02
2.014123843204640352e+01
1.073663252663170340e+02
-9.750650861640444589e+01
-8.661728571268844235e+01
1.333602806617451506e+02
-2.808721445337886280e+01
2.147871302377783422e+02
1.905180897018365727e+01
4.265319474006930278e+01
1.816603481097200188e+02
1.077479799477035840e+02
2.821336091409286269e+02
3.248397234062451844e+00
1.024267485109997864e+02
9.589786888719493163e+01
1.295394801382984440e+02
2.445959066623258309e+02
2.213793571661580017e+02
2.003305033480014572e+02
3.189102130192796949e+02
1.833493191260545814e+02
1.135103993989611268e+02
