3.204542667881211115e-01
-3.354783664424677347e+00
-2.135109575059334838e-02
1.165256409497671841e+00
-1.210180029485686370e+00
-9.746917070500321634e-01
-7.861520822396932395e-01
-6.803963620610714580e-01
-6.687773454333272305e-01
1.778882861539415883e+00
-1.401720246625356214e+00
-2.937475495620563426e-01
-4.625146193652835969e-01
-1.035351119256969543e+00
-7.633425765150865239e-01
7.261122076800053948e-01
-8.418610895005616823e-02
7.683253446596854941e-01
-1.883328893560511919e+00
3.650702470955668466e-01
-1.535830447166258272e+00
-8.134625095569878450e-01
9.493523296068939743e-01
-8.030537723312280995e-01
-1.272810033386004569e-01
6.286665581993720053e-01
-3.922948432232782889e-01
-1.763061864486204611e+00
1.773293947540524884e-01
2.267224919842469044e-01
-3.571165831381477029e-01
-1.453161302699045754e+00
-8.905069516179678901e-01
-7.979525817504455887e-01
-7.181853078955390268e-01
-4.979759975810226780e-01
3.087810452402710015e-01
-1.087255973078816051e+00
-7.593701713445081269e-01
9.270876091650006590e-01
6.550866297466674260e-01
1.506085311300645158e+00
-3.548227643293418443e-01
-8.915245339484474396e-01
-1.182500649611479604e+00
-1.585756588391631583e+00
1.356241059141566119e+00
6.005955896815801803e-02
-7.047576182338847195e-01
6.640054050243833217e-01
2.645175404434359834e+00
6.713941195686298213e-01
-4.589305817192089743e-01
-6.212531577926955206e-01
1.130603140765038317e+00
-2.349877220681537149e-01
4.571845400899573475e-01
-9.361283449701324200e-01
9.564349554605010573e-01
2.130829880773689844e+00
5.952360262564023730e-01
-1.993755239270160295e+00
2.069845427514216851e+00
2.915170426694972394e-01
3.382734338498744053e-01
1.210554275543521907e+00
-2.371528309607060070e+00
1.233449989067771091e-02
8.697769091707751032e-01
-5.714984388149581263e-02
4.995871877224069557e-01
3.495177067310361041e-01
-6.495730016242675653e-01
2.096742216713403550e+00
-4.765512743417023578e-01
-5.425557175772280916e-01
-1.026527449126621638e+00
2.665014543787257217e+00
2.544170603423159815e-01
-1.416431341130255928e-01
-1.431380080188960235e+00
-7.826296626512585508e-02
1.080828770908026426e+00
4.855354404241108424e-01
-2.437603150176737288e-01
1.141428034435809424e+00
-6.239612215414327423e-01
6.378949591698503951e-01
1.012556588401936519e+00
3.200284420430706267e-01
6.645355140455465326e-02
2.024583045376951773e+00
-5.850804126128406057e-01
2.520224186407880596e-01
-9.300818715590448704e-01
-8.679142057123877541e-01
-1.274639671336179336e-01
-2.328784917724969095e+00
-1.250964605313804046e-01
2.733214001555288042e-01
-1.159747341008970700e+00
1.190409376371953876e+00
-2.474282983033735395e+00
9.398175473435393945e-01
-5.088377529284974360e-02
-4.129700446952009329e-01
-1.322406936486714812e+00
-1.966445122332371176e-01
-1.747248809277794246e+00
4.776606739592339501e-01
1.541109219528954410e+00
4.942396253153037988e-01
-7.027214775956303061e-01
-8.152286470489779058e-01
-1.074616960510206942e+00
8.207888349770627867e-01
9.714849297667605965e-01
-6.024869108914412408e-01
1.054200052218949191e+00
-7.095939236355757185e-01
-1.165559141260174014e+00
-6.396413142738643920e-01
1.447496519046626240e+00
-4.376100601875731466e-01
1.968597788126595360e-01
-5.069106978562721855e-01
-5.537786746180001218e-01
-6.478154084157489168e-01
5.438001208778718842e-01
-1.133939040832760092e+00
-4.910655781528157626e-01
2.617147271902495742e-01
8.539995041509751417e-01
1.279889981297237078e+00
-9.760819055954751688e-03
-2.891878101208697135e-02
6.965354588974571604e-01
5.245188017712915096e-01
-1.986653520346059354e+00
-1.550094797212567599e+00
-5.228683422788609203e-01
-3.813751585814202372e-01
2.982552193907324622e-01
2.466828383674670722e-01
-8.001992744895698451e-01
8.132289356959687687e-01
2.539544715917839479e+00
-1.172612361395514169e+00
2.728186031534667877e-01
4.630864625686583746e-01
-9.277643994666251448e-01
-6.805428230665403477e-01
2.007491907354046635e-03
5.039079847887999453e-01
-9.320173846836038445e-01
-1.437092857054138029e-01
-3.211673564740455955e-01
-1.438740208715721502e+00
2.129024640676710489e-01
9.575853132584610794e-01
1.991402278022618710e-01
-3.734700205281805685e-01
3.714670973838460344e-01
-6.051306506962419451e-01
-2.949630209008267112e-01
1.383952563262872415e+00
3.439148963232079859e-01
2.206731757685227890e+00
-1.237129816657421832e+00
-9.344228544725045049e-01
7.626569010877410904e-01
1.933741975472572650e-01
1.586496029744287606e+00
1.954065950071674218e-01
1.936143398956986950e+00
6.246683122246120545e-01
-4.919772544180497920e-02
-8.453658664865920658e-01
-1.097793920016597452e-01
6.271815523613617493e-01
-6.004575023575366988e-01
3.698704487435564014e-01
6.562536998708496938e-01
-9.278913767044025818e-01
8.338299441120159416e-01
6.377256532758999175e-01
5.255173055594515308e-01
-2.615822202356822501e+00
4.915332140080561629e-01
5.738854639352329867e-01
-1.851856826241278897e+00
-2.634776164910176272e-02
-6.320130269935313183e-02
-1.242977976445754695e+00
8.266977641399075871e-01
1.252798120203824306e+00
-8.116974742440062895e-01
9.700636302200874583e-01
7.691618469621722687e-01
1.751637000741165517e-01
-1.588808869977257621e-01
1.405196682571143496e+00
1.404019541598660714e+00
-9.145355711698607282e-01
2.334568864248390552e-01
5.625664469432235526e-01
1.385450078587525224e+00
3.273809189037923950e-01
1.609515428163079909e+00
1.659163461126423433e+00
-9.441720015746499772e-01
-3.437762022425642217e-01
-1.692752950114304322e-01
1.014043927946636225e-01
-6.153828587736402955e-01
3.916788329098093158e-01
6.927379689610517477e-02
-3.549771900345408820e-02
-3.184024031321120440e-01
3.443502057904311298e-01
8.923617457017540833e-01
-4.249999084961468832e-01
-1.057077227061399977e-01
-1.150606869904606366e+00
-3.653134128226102617e-01
3.124929423110823778e-01
-1.209822752539374546e+00
3.544506083701444432e-03
7.607239159533853989e-01
8.556974208232475121e-01
5.340350434350571440e-01
-7.021156569980895046e-02
1.165201351260882534e+00
-5.136297419802893227e-01
2.274853892817421119e-01
7.316136335249585620e-01
2.206475877019545173e+00
-5.479517047097256371e-02
2.301924585940628293e-02
7.656712871790037900e-01
6.731120252728713949e-01
-3.878315811997638529e-01
1.416594018035721714e-01
-3.280337649687451451e-01
3.501400819654066354e-01
-9.233245738285562609e-01
1.128021584783772124e-01
1.220938922562911033e+00
6.125967308686683932e-01
2.515000833599448704e+00
4.881739009487082726e-01
7.026102146949454452e-01
1.674413910752211090e-02
-6.342766031423173467e-02
-5.170415411524303950e-01
1.506535931395249460e-02
-5.008044021716730188e-02
1.998041368163282261e+00
-1.776249694529926926e-01
-2.299589686345350215e-01
1.006941239846885550e+00
6.216762386736421897e-01
1.052760611098905841e+00
-8.365294422324617840e-02
-4.335896607574142303e-01
-2.119931708771218282e-01
-1.281068512308690899e+00
1.039916002566492192e+00
4.708121135310736061e-01
1.156951332279280154e+00
-1.886388303350629680e+00
1.018072893647887334e+00
-6.253842182013665818e-01
-1.219691482129618088e+00
1.659580192590524167e-02
-1.408643084762758901e+00
-1.374155207732708828e+00
-1.648142558417568182e+00
1.306687331723653589e+00
-1.070737694640333082e+00
8.462076076850150175e-01
1.336605793196399050e+00
4.015436285140823180e-01
1.032242721364672544e+00
-9.986605344984403887e-01
4.509049615587810145e-01
4.026706841506083046e-01
4.140254786877144433e-01
3.422553192954074786e-01
8.791061200233420136e-02
1.036335396590125857e+00
4.499796225251058712e-01
2.231678595894485140e-01
1.274307924794843283e-01
2.412156247930678510e-01
-3.990299650353391625e-01
-4.891732937525674618e-01
-1.343515169155862443e+00
-5.050568031029253335e-01
-5.069928100787494119e-01
-7.131971218390114053e-01
-4.191068583790522606e-01
-2.285279841647246624e+00
-9.004218526991054627e-01
1.183632666993917448e+00
3.442161520394317886e-01
-1.968077276065978154e+00
-2.269252633240710082e-01
7.939512274593473196e-01
-1.694970100175549499e+00
1.258723914886000994e+00
-1.984426435741216022e+00
1.454433304252699954e-01
5.694587580263457127e-01
-4.126386974081038689e-02
-5.222247354448035506e-02
9.119366908967373453e-01
-3.513923562686385171e-01
1.195437570971222607e+00
1.285952250391658946e+00
-1.799476440380443076e+00
-1.100790171309129706e+00
-1.581979894371536188e+00
1.296463169668211624e+00
1.280434961435093610e+00
6.282494373606829496e-01
5.587193416370774823e-01
-1.261836495518968926e+00
-1.637720288522025003e+00
4.519934990452056933e-01
-6.707970848470996561e-01
-7.604862064064544791e-01
3.483876786469655151e-01
-7.283591544036025489e-01
-1.950004977059045963e+00
-1.708575440293241474e-02
1.484920880190250481e+00
1.339955001955587921e+00
-4.855866954159995807e-01
1.825078027125333291e+00
-4.024686353031098895e-01
6.937564481335058986e-01
-3.848279058420027710e-01
-3.965314767120777795e-01
-3.182916444277039125e-01
2.336512704402431972e-01
-3.129494440741617534e-01
-7.266062544841959125e-01
3.291977580240498247e-01
5.878398202735144462e-01
1.303953335111802225e+00
-7.004418540018286787e-01
-1.203520876727087879e-01
6.063682834676180633e-01
8.878744492733632310e-01
5.721932313400489994e-02
8.148663772284612250e-01
-2.002349873064723229e-01
9.979315750897024273e-01
-5.094390442601592212e-02
6.540107424251891954e-01
-7.578428776591895621e-01
-1.642135474553970409e-01
-5.462122328227297929e-01
8.386485763279331040e-01
2.921614718741638028e-01
1.267940943621066685e+00
-1.941304825151218272e-01
-7.524533896526524046e-01
4.341791291285133636e-01
1.270433480142803440e+00
5.580015242678639797e-01
-1.957050810589062717e+00
-1.649697306864370105e+00
1.086577696011632455e+00
6.811688907492263745e-01
2.940694837865784339e-01
-7.511727040535864930e-02
-1.106530911676530726e+00
-4.589896133384701593e-01
-1.369232226207540037e+00
-1.015752814275030946e+00
6.442365190254414342e-01
7.558682062018593495e-01
3.963376885166420838e-01
1.773689730081976723e+00
3.401156229735343706e-01
-1.268971481855873051e+00
-3.789969008481854917e-01
-6.880783683714812859e-01
1.245290665811102926e+00
-7.157079669442407699e-01
8.238546843453807833e-01
8.525194458166059919e-01
-5.728825265406825018e-01
9.316880661078683623e-01
-1.051736195475256735e-01
-5.869398008193492666e-01
4.328626174113461844e-01
7.291097377486868147e-01
1.543490696376885296e+00
9.191122864326775055e-01
-3.773708601918682737e-01
1.489135448916336424e+00
-9.889575375867043494e-01
1.312446309440492787e+00
-1.303291764669479713e+00
-8.916968377479325136e-01
-1.114266875871335882e+00
3.973031682623198724e-01
1.129722746067059330e-01
2.777967719514695122e-01
-8.756924622896671284e-01
3.290702846607961307e-01
6.164837192884926598e-01
6.686716893785146221e-01
-4.873615782638785476e-01
-8.167232798261632176e-01
-4.230178142565678145e-01
-1.993082851110476339e+00
1.206461716797063488e+00
4.723971826182463835e-02
6.489086987634051784e-01
-1.097570125778127625e+00
-1.785281771640283843e-01
-6.820802045404200653e-01
3.823426008971075873e-01
-6.868535460275041471e-01
6.012501906112772965e-02
-9.264101605140068196e-01
-1.738371741857723252e-01
1.236178312211544839e+00
-5.426545404919801419e-01
1.671959941943773897e-01
1.244968899539368401e+00
1.543875352229975073e+00
1.156831068595454814e+00
1.377604602092757480e+00
2.226084662866557373e+00
-7.674598218965499041e-02
-9.406378954842811169e-01
-8.226852567155398255e-01
1.625028863663358525e+00
-1.139111730153512747e+00
-2.601198415802392083e-01
1.538367878567825864e+00
2.819791082865228337e-04
1.439905106515646960e+00
4.236242004397444694e-01
3.365611339007290037e-01
2.077236353201052377e-01
2.427441935199266543e-01
-4.294590419144894144e-01
9.242006610595934202e-01
6.030713520910965242e-01
8.613614693195958960e-01
-1.238897683310972164e+00
1.430013102210828002e+00
-1.355944095368306901e-01
-2.316320004684152001e-01
-1.294647815730663121e+00
1.054516504315787398e-03
1.232208582057658708e+00
-9.975666215202501075e-01
9.037420620717514508e-01
1.834367637558970976e-01
2.433625668483706761e+00
2.660289066632585131e-01
-9.297538297841233257e-02
-5.431795560108890752e-01
3.640979425468341413e-01
4.911221125650563901e-01
9.637938303970684517e-01
6.062591430629795664e-01
5.469823997288748574e-01
9.315429362364660015e-01
6.093182282772446889e-01
-4.476971532865755554e-01
-4.416813729420347445e-01
-1.103866381260741658e+00
1.173753952156811442e+00
-1.575134261969884264e+00
1.142656599660178962e+00
-7.782307646332168316e-01
6.271805285234631766e-01
-1.171094069254519976e+00
-5.309594344158078405e-01
1.185408375937106878e-01
-5.146399190358479370e-01
-9.912449468202334801e-02
5.614611520058852001e-01
2.064899250182515855e-01
-2.930455160521598379e-01
-3.496831924468752906e-01
-1.993589409964384163e-01
1.743991271911149998e-01
-7.756269143376683106e-02
7.521466567218172417e-01
-1.011739461723939471e+00
-1.357400255627939367e-01
-1.407842006842805194e-01
6.999507412058967315e-01
-3.226920941099725160e-01
3.674842399131627024e-01
8.335165047857583109e-02
1.375368333102240603e+00
-9.358125839294482162e-01
1.463058754497936542e+00
1.017456911433661099e-01
-1.732332940352509620e+00
1.142020438497638901e+00
1.744786853649127611e-01
-2.248086115713208599e+00
-1.024803823363217736e+00
4.075219269965669744e-01
2.427217704237519258e-01
8.515218876886789801e-01
3.241908871293967542e-01
3.047854612938648566e-01
-1.037431744733244843e+00
-2.034102606361244681e-01
3.182756731400974148e-01
-1.102387979130151630e+00
-1.271129999086604734e+00
-1.240352813061366355e+00
2.205362379250612459e-01
-9.432917655127333323e-02
-5.741568770612012207e-01
-5.409976227419543982e-01
-5.903292609465000673e-01
3.661033597656072058e-01
5.928077897179031552e-01
9.274583693527147510e-01
2.060999714124741811e+00
-6.303365912171983165e-01
-1.336939280508483707e-01
2.644961022717843280e-01
8.064022996955038103e-01
8.735353638570688695e-01
2.847982919452348716e-01
1.360203608286092214e+00
-2.008827718639657256e+00
1.873917596020940657e+00
8.851540458483085905e-01
-1.300522927534185635e+00
6.520817221941862529e-01
-6.853611524491618479e-01
6.028245163317194066e-01
9.899447615975336401e-01
7.698209545747569660e-01
-4.755115599273179033e-02
1.412488190045106728e+00
-1.108256787493272721e+00
-1.288205347908375931e+00
7.881076205831635262e-01
-1.751967552443865817e+00
7.385849910074512858e-02
-1.922296934338521446e+00
8.832372066014920753e-01
3.686231479382275837e-04
-6.615304424034273989e-01
7.637401329773456649e-01
8.598080202071639588e-02
1.105783925731901984e+00
-1.847219712364334132e+00
-4.778654427170608843e-01
-7.971632509514824383e-01
1.115598626442965813e+00
-1.605339550492418943e-01
-8.925512886885291763e-01
-3.404586971561557318e-01
-3.048860923899918141e-01
-4.483137550354188150e-02
-1.189046901961400726e+00
1.363826776535382590e-01
-1.454427685027296135e+00
2.661117868954966381e-01
8.411370438386559512e-01
-1.692964676504662869e+00
-1.276045599757078264e-01
-1.777537211914463275e-02
-8.073505249856631760e-01
2.768348610224129480e-01
-3.757158802055132751e-01
8.441048970033341314e-01
-2.041931485504927812e-01
-1.052799978379775903e+00
1.107182600590107757e+00
-1.285651587210676350e-01
6.982914160394660952e-01
1.460914977195224784e+00
-2.124959096386606294e+00
-1.866738333861454713e+00
2.075047202758141252e-01
2.127273530533259002e-02
8.730306602217328127e-01
1.789779236156301190e+00
-1.094733094029064935e+00
-2.225064749319564938e-01
-7.317821372764508892e-02
1.136471584040609495e-01
-2.483615705547446706e-01
-3.992508667927197608e-01
-1.244050196299351763e+00
-1.935050230557156803e-01
-6.389536664569246405e-01
1.277793379566927623e+00
-1.703560005989723569e+00
9.190359825233802571e-01
1.137680418493521417e+00
3.640576963966852819e-01
2.667765949593870811e+00
1.911766044726933844e-01
1.805789066118572983e-01
-9.712874400661063445e-01
1.609335979850473830e+00
-1.063285521194935468e+00
9.109783733853118459e-01
-3.601767230151842747e-01
-1.810416041853811775e-01
-2.354270858663711774e-01
1.146713472387243665e-01
8.419318238200039495e-02
-1.579936001685160907e+00
6.565296077691948895e-01
1.159079884708395403e+00
-7.415582533303988200e-01
9.904126780119945073e-01
7.571675500943383375e-01
7.731261737623563723e-01
8.214539994723331073e-01
-3.217808896467410640e-01
9.627937687816644496e-01
1.886748784170195092e+00
-9.093471261936726391e-01
-2.472333672658377335e+00
1.463586037313146793e-01
-2.659781400140046159e+00
-1.616688077363848564e+00
7.624159685830921296e-01
1.178644593660533452e-01
1.804162726353376822e+00
-5.102471786053125458e-01
1.253221204284824752e+00
8.597335351468243791e-01
-1.265310413192809458e+00
1.584954865962804327e-01
1.339388062538951762e-01
1.056951894176728218e-01
3.159498782373426073e-01
-8.375391048470748334e-01
1.291220282581008183e+00
-7.527719278674817049e-01
-1.576384609014424676e+00
-5.409317438578655768e-01
9.238162289921252324e-01
-4.746533858852031162e-01
1.431198230201772059e+00
6.525380474048395607e-01
1.681154316674829952e+00
9.685713800439443855e-01
1.131108645898312448e-01
-2.797921371853175909e-01
-1.020503700309115663e-01
1.273939528947168887e+00
-9.331911187256947127e-02
-1.159461165389668702e+00
-4.475171523941136598e-01
-1.049497579671321706e-01
1.611744297611054089e-01
-2.227536162147379373e-01
-1.552187080659153562e+00
-1.569731247070375479e+00
8.763416293570338578e-01
1.853379975647644118e+00
-4.281330533475522504e-01
1.297364738959843333e-01
1.341883285731697795e+00
-9.917079645167555801e-01
-2.569221589664124616e-01
-8.302586157345764883e-01
-1.259555580310278922e+00
-4.749601197518140555e-02
-1.186816505164651980e+00
-1.413469696716362911e+00
1.119824615812894830e+00
7.347285221499363361e-01
-7.239521688921679576e-01
1.790393779474143965e-01
1.025118096875901053e+00
1.088811160526976130e+00
5.315112550186062990e-01
-1.660232027553835810e+00
4.534279246481265901e-01
2.601224462267468507e-01
1.440257567617602985e-01
1.212761775181899759e+00
-1.717176647571921233e+00
2.219722311484051691e-01
-1.686308485177682726e-01
1.827938823642351052e-01
-1.371292374374607492e+00
-1.043548639299248348e+00
5.632129209854039864e-01
-3.912583053011844392e-01
-2.287837914090439906e+00
-1.571242108717379127e+00
-5.199336393596335482e-01
7.552377398098982786e-01
-8.556151485451877203e-01
-8.772570696417454350e-01
-5.222950660329372941e-01
-6.357633064313392146e-02
-4.624887291746353490e-01
-8.430321479163670473e-01
1.016780397512585088e+00
1.913818505205802323e+00
1.451780686582662350e+00
-2.905766426183806761e-01
-3.946768414881962062e-01
1.565428471901818996e+00
-1.278712623834429296e+00
6.413095202009042595e-01
-1.185174145790387046e+00
-1.417361694026287644e+00
1.130338625790025420e+00
1.026149299361846928e-01
1.127158652041885700e+00
6.269361161545108918e-02
-1.109402530515370966e+00
2.029597059764474576e+00
-1.030698211716872148e+00
1.921641396130991108e-01
-2.087923086548955975e+00
1.559017787839818370e+00
2.638159836227513821e-01
-1.825001800673412999e+00
-1.984652233733661841e+00
2.228715925237137740e-01
4.063185205530908117e-01
1.060295031347198824e+00
-3.384733298869724849e-01
-1.477965294201298185e+00
6.392215364220364959e-01
-1.154184752264858949e+00
-4.817180781365416053e-01
-1.181412721694370171e+00
1.534148609805410013e+00
-9.889826147759015473e-01
1.641080198522306244e+00
9.682400749654607175e-01
-9.046526222063526745e-01
3.714333308631179720e-01
-8.413429041702731592e-02
-1.698808460757976979e+00
3.963200787666975033e-01
4.039091751218192861e-01
-9.541965449972614755e-01
-3.673195148918512176e-01
3.586290113046322059e-01
-1.768132021509455143e+00
2.636425489096727026e-01
-1.236847065368368526e+00
-2.934104738840774274e-01
3.129436544828382294e-01
2.460509999292119776e-01
5.512991615469817752e-01
2.083708939170046126e-01
5.617588392222776505e-01
1.067870072318721553e+00
2.058769998421794423e+00
1.096519843844035558e+00
-1.164318685563292100e+00
4.153159347867420581e-01
-1.563732414003960791e+00
7.649878105681252594e-01
8.143227417192637763e-01
-9.227365301239960349e-01
5.012294215019256205e-01
-1.503163789053655330e+00
5.054614080521159236e-01
1.362813554080242406e+00
4.331619023252962219e-01
-1.525759041685259110e+00
-1.356448083417007400e+00
6.788024860556123308e-01
-1.149413331186742049e+00
-1.714855445117586807e-01
3.891609789208497205e-01
1.167717621961416874e-01
-1.256435678372061826e+00
-9.716117125710743707e-01
5.590852780589677939e-02
-8.757730666485561422e-01
-3.178911333242234738e-01
-1.090232960011318308e+00
-1.267971882537619610e+00
6.934252708081769523e-01
-9.450409733253218869e-01
2.578005122046965747e-01
-1.904791138015008656e+00
-8.209156644266742964e-01
2.039635271149323525e+00
-3.770575840535504430e-01
5.570013618122128252e-01
1.567702691781432289e+00
-2.200287741057135038e-01
-9.293603453053104202e-01
-4.607191005210963808e-01
-3.462842450432898067e-01
-6.344235578272772180e-02
1.753470488362921242e-01
1.287333096677100719e-01
4.373876333749428524e-01
-3.881190340583592358e-01
-1.405648584199411966e+00
-1.090926512341888088e+00
1.238112533591333442e+00
-5.707381833311622188e-01
-1.591592357487424114e-01
2.150744555746641140e+00
5.416223544940932388e-01
1.503392028723696594e+00
-1.823577133221806479e-01
-2.001502741029041577e+00
1.990556484250106672e+00
2.576714994471313025e-01
-2.523578053407618538e-02
-1.047712672295223885e-01
-1.519999095004850309e+00
7.034805094036118422e-01
-1.500705470465968361e+00
-1.685582385758542356e+00
-1.305426478648933575e+00
1.456490303614420556e+00
-1.169742537023569007e+00
1.107318036770674974e+00
1.079786693632962091e+00
6.163364689761060555e-01
-6.700987663430942876e-01
2.301974918091579614e+00
1.674664407688800372e-01
2.094019396926992016e+00
-7.216111001424800886e-01
6.913986642801388527e-01
1.052488325516376833e+00
2.139427523823753952e-01
-1.288953764650005107e+00
9.883921452949591402e-02
6.546954501190170861e-01
5.202479387727723115e-01
-1.284694471583794073e-01
1.348519141427670487e+00
3.569608289115803745e-01
-9.135647242634674647e-01
-1.148319303458757989e+00
-8.634944942580180527e-01
-1.909427659159356749e-01
1.402527568736256225e-01
-9.656392461726956977e-01
7.697597534949341368e-03
-6.195255166226301125e-01
-1.167956585172538642e+00
-1.643445118986104625e-01
-4.991248881365921430e-02
3.454239030682991762e-01
2.145501807257687577e-01
-3.056586485370377471e+00
-3.992149135421085848e-01
1.066477617255746635e+00
-7.521280152162452756e-03
-5.937533579126185179e-01
2.534707560238086965e-01
-4.872793903993664077e-01
-4.242496085171435505e-01
-1.960222098855854966e+00
1.229684130289968369e+00
-9.583265744731821467e-01
-2.606617146905930160e-01
1.939907005469894141e-01
7.609199536720728796e-01
-1.884982829127522574e+00
1.606387083210133460e+00
-4.458996493174207099e-01
-1.333048659763956589e+00
1.759499884116887181e+00
1.519721420593356909e+00
1.014089122814210375e+00
6.065357362236526440e-01
4.294602855149801668e-01
2.539844643962375081e-01
3.197710491513889308e-01
1.944566648502639994e-01
5.231090264329528727e-01
-1.527811327506553685e+00
-5.237621872607415296e-01
-4.725671717933889737e-01
1.163506024478473622e+00
-1.272032898944760904e+00
-9.704705177062211696e-01
-5.847679566920114258e-01
2.604495314966604469e-01
7.274294984028599753e-01
1.140824015488452581e+00
-7.239383771765861564e-01
-1.325599017002212276e+00
2.387079599678158803e-01
-3.488568809749341693e-01
5.270835805712879019e-01
3.288180202494152549e-01
1.134321367351699861e+00
-4.923993761367203015e-01
-3.093010579018309336e-01
-5.162553563369864928e-01
-1.221798779710948191e+00
-1.724913311097262314e+00
-1.515523240698083640e+00
-2.538653195569055554e-01
6.870122216679896976e-01
6.145428144270218551e-01
-1.117384094755205837e+00
1.955149098358875293e+00
1.033032552241597957e+00
1.491520829745117460e+00
8.768252464372606747e-01
-4.231738500595402241e-01
4.599816890588244722e-01
-8.187859374274772950e-01
1.271361291588604781e+00
-1.205793765334814083e+00
-5.769444377883832242e-01
-1.286473891014683346e+00
1.730857213667423400e+00
3.103592154182306384e-01
-7.335001321533156649e-01
7.529607384968121098e-01
9.735616395301835979e-01
1.260049492090038692e+00
-2.893660504819025592e-01
-7.220379584716224430e-01
1.044258974058849820e-01
-1.034073091857435456e+00
-4.269520102210312418e-01
-8.962633348773489939e-01
4.119646308269520052e-01
4.075131144734226440e-01
-1.489216363768561147e+00
-1.376776692595635065e+00
-6.472234630816157130e-01
4.255559697238717881e-02
-4.302217988699300749e-02
1.729106757259374627e-01
-8.158390636045368405e-01
1.362903552927926087e+00
1.221501038900216773e+00
6.423536756799223812e-02
-6.838191668162674208e-01
-5.302749738818081371e-02
-1.657738174091630823e+00
-1.285566548050258162e-01
-4.166038848911486903e-01
-2.896299335115557039e+00
1.802427919821108393e+00
-5.013380083916647578e-01
-5.694107480715330238e-01
-1.140796229972272702e+00
7.774518986671296039e-01
7.881658219593185022e-01
1.624632939369944129e+00
8.406356175790443697e-01
3.195504225470742199e-01
-6.263125003524633305e-02
-1.242029243907183167e+00
4.369989928411855962e-01
-6.602999643193337986e-01
2.023019021241060589e+00
6.867738392763877986e-01
2.480945699723943743e-02
-7.084084282729485871e-01
-4.303590968415129669e-01
-1.087643941909898881e+00
1.069763101884261713e+00
-1.244723013488334917e+00
-7.804271752696162467e-01
1.269865775230857086e+00
8.086138761315312395e-01
-2.160558678245721176e-01
-3.242745798837067817e-01
9.964062425009506674e-01
-4.631556112306047246e-01
1.454228068462734003e-01
1.348607774766614087e+00
-3.873224300026902878e-01
1.749950310458061598e-01
-6.614396073408148613e-01
-4.274313866872001683e-02
-4.401224802205863096e-01
1.166828472376462589e+00
-8.106079394974878838e-01
1.157655003845207808e+00
-7.582472804108637554e-01
1.073646908833852942e+00
-1.778128371840601796e+00
-2.221451427995658479e-01
-1.189992483239540544e+00
-1.607763392753066081e-02
-2.232705651418418480e+00
-5.643145537031717396e-01
7.195812385137520528e-02
1.990182003344027895e-01
5.707324553418441360e-01
-3.569294832229674141e-01
8.896259207172012573e-01
-2.964102429206257883e-01
-7.157299066450033553e-01
1.225013372043650017e+00
4.186651886137170986e-01
6.128932557691927352e-01
7.113629212489704923e-01
-9.989572630578339441e-01
-1.272014112314862944e+00
-1.106662719950006091e+00
-9.349420310418417313e-02
-3.524247893195792680e-01
1.021829534310161547e+00
9.603347959361402397e-02
5.532397503562465069e-01
3.039289907985038286e-01
-2.461198223361056314e+00
2.020295022852136857e-01
-2.183063190730142045e-01
-4.999267787751716652e-01
1.004252801834401687e+00
-1.455563616154780915e+00
3.757533810175530120e-01
4.566557542024187732e-01
-6.677216351394537064e-01
-2.184037763453615666e-01
-2.469067411215528918e-01
2.398661129662832181e+00
6.254357388990144928e-01
-8.272226735195961078e-01
-5.223084206302300858e-01
3.005238516100059987e-01
-5.224735146428204080e-03
1.667649844748455124e+00
-5.234233056199003586e-01
7.778664501227466888e-01
-1.243593828572095328e+00
-8.638043293667579947e-01
-6.465792955141742571e-01
7.007284828966113821e-01
4.126357249451379494e-01
1.157986857251363411e+00
7.764145484242052087e-01
-2.172333525184620751e+00
3.816105472446909008e-01
2.560817637394409152e-01
-1.295337183369502931e-01
9.636478066591611658e-01
-4.461959700085898345e-02
1.365723622534713300e-01
-9.184977543326336979e-01
6.155517307961433371e-01
-1.637473973249014003e+00
-1.173239343507278987e+00
1.003683501539175849e+00
-8.784510465778264665e-01
-7.689169528965429379e-01
5.886111067398155372e-01
-1.837675843929741093e-02
1.080769506327215135e+00
6.613814943302250837e-01
2.175708258981439602e+00
-9.602428763616277507e-01
-4.208423789289702510e-01
2.541037289142790145e-01
1.403623649070542712e+00
7.392466413970608663e-01
-7.124792497253962242e-01
9.154263523469974295e-01
3.855074498935678329e-01
8.944778430226996147e-01
-4.972222235775151100e-01
4.952888923401299048e-01
3.854218735404668084e-01
2.082012997296148193e-01
-1.999856526469418749e-01
-8.370220179033802665e-01
6.975585551050451638e-01
-3.746776799568709571e-01
-1.299019241429512306e+00
2.263284253687568026e-01
1.192333172748140657e-01
5.942138702747078449e-01
-1.177648745873775882e+00
8.747336809962872328e-01
-4.296203889827491795e-01
4.396852536137729195e-01
-6.368511704805079887e-01
-2.688884234286277874e-01
-7.236767815748472721e-01
-1.906167156815727348e-01
5.388214060629078483e-01
-5.501506134261934244e-01
1.855722702568187055e+00
-2.959504376989605667e-01
-6.021104654652966737e-01
-6.246343214363706542e-01
3.453999777786409542e-01
6.099544739103633928e-01
1.135438335535883109e-01
-5.155698110526863998e-01
3.144826605748955450e-01
7.512411586942476793e-01
-1.784262272386538395e-01
-1.034264119888710587e+00
3.012190776945218862e-01
-4.713452462428729395e-01
1.685161128836125954e-01
4.210014382093001939e-01
7.316989042205676030e-01
1.392979457548055189e+00
-7.240936353628177891e-01
1.641944819998617522e+00
1.484761865617237664e+00
4.624259586735785521e-01
2.083966041540679104e+00
1.271204434367674052e+00
7.329554620481240068e-01
4.836767923643997547e-01
-2.797179908378981672e-01
1.987022151771512091e+00
-1.465244503890209771e+00
1.649590436617578204e+00
-7.989479795500267212e-01
-1.501823704082844158e+00
6.056359536486241590e-02
-1.428444604152586450e+00
2.493702928920383144e+00
7.652328098670087009e-01
4.592409421427817162e-01
8.832370802188174164e-01
1.215819552873709464e+00
-1.758425716906472300e-02
-8.823287230044437601e-01
1.302757827467482532e-01
-1.101977051291522125e+00
1.138429905047549040e+00
-1.214221466454707965e+00
9.003698376267478265e-01
-9.424520576639254521e-02
-5.535167170638460865e-01
1.415827462520607982e-01
1.071353578628053249e+00
-7.896378363364345843e-01
6.339467009618690030e-01
7.948770497442414484e-01
-1.037411303678498431e+00
-3.099016349553395111e-01
8.500693874449707366e-01
1.464138973063271232e+00
2.099412659599100839e-01
1.253074300965099752e+00
-1.605051451332706547e+00
2.140570733924586633e-01
1.949618104538386187e-01
8.906910353706082306e-01
-1.009311348927616203e+00
-1.253379759983288766e+00
-4.073287450422945488e-01
2.407238513216526377e-01
-1.209120617968235889e+00
6.371549719523503796e-01
-4.319444357355833874e-01
-3.766847356670655622e-01
2.283590142149768187e+00
4.140557348044274222e-02
-3.471725907289147095e-01
-1.903513429990684624e+00
5.317850286792004111e-01
-4.845795000028054744e-01
1.222651027548884439e+00
-5.415923228244471366e-01
-6.083645714439070429e-02
1.225731491129835149e+00
-1.261584710245955643e+00
-6.330141123479088305e-01
-1.452710132500347084e+00
2.027998293439138067e+00
-5.269221065624117850e-01
1.105607441398674062e+00
-1.116085296436133634e+00
-1.447202982047955722e+00
-9.794393131433275501e-01
-2.937212413097259889e-01
-3.923160620247838626e-01
-5.516100030264923237e-01
-1.440209380354942947e+00
5.331759795267535518e-01
1.768334809827187826e-01
-1.114690863798099452e+00
1.811803573588850469e+00
-7.002569046329383262e-01
-5.306643171402077863e-01
3.123319698899833519e-01
1.788368442608664788e+00
1.480315879339132001e+00
-1.451302072514759622e-01
-3.643811234251088105e-01
9.556471018680311180e-02
-2.514045026208471811e-01
7.145020803691576328e-01
1.723283259283415303e+00
2.937726945464242956e-01
-6.256253697830318483e-01
5.299119550418059932e-01
7.177619019815475454e-01
1.462015855955402177e+00
-3.292293867751435177e-01
2.682038014871851450e-01
-6.444728931679660766e-01
-8.668258350828350611e-01
6.408718549474949899e-01
4.262105301948444086e-02
-7.912071663304701685e-01
-1.403742589952583497e+00
1.972375330345456090e-01
-9.032166492532357482e-01
-3.077452044444905499e-01
6.235393889186044980e-01
-7.863536181650511159e-01
1.037117327823945390e-01
-1.872874106273176409e+00
-7.204543409721871072e-02
5.477457011818802624e-01
-3.548604077938102841e-01
-1.198920335615671906e+00
-4.834248265742795425e-01
-5.870653138011169281e-01
8.455785021740245266e-01
1.545083720409121897e+00
3.692941674837620369e-01
1.514164178275977379e+00
6.722150566580595843e-01
2.559628676071223019e+00
-2.861118319126056964e-01
2.444089940918693582e+00
1.031254290671314244e+00
2.010543397983354519e-01
-7.578290183275431247e-01
-1.417128123449179267e+00
-9.378727849051491372e-01
-8.930988385245014483e-01
-5.649157164692664157e-01
1.492441099850224107e-01
-2.527916887703569038e-01
-2.327521533296839973e+00
1.871692037461998082e+00
-4.827087685621309632e-01
1.886833889732524749e+00
3.017920712992779864e-01
-6.090817496747699122e-01
2.377390469264590855e+00
-1.371608315222499486e-01
1.673707688205421151e+00
-1.359537664691506054e+00
-6.861864111226049223e-01
2.734327986664014665e-01
1.505212776141565678e-01
2.697868074901990654e-01
8.063437134746330448e-02
2.344447460934818983e-01
-9.783300997356589868e-01
5.038913535499297547e-01
3.728329155118616511e-01
-1.104000447551038766e+00
-8.945583714437399525e-01
-8.120627205592499676e-02
-1.666977949454996999e+00
-1.986709911078396784e+00
6.457109409555172874e-01
5.197640480221336068e-01
8.750317746926687956e-01
-3.799443526461087628e-01
-1.566216025477915330e-01
1.495129360027860566e+00
3.018317570305778519e-01
6.715430960815923500e-01
-2.504088294772690571e+00
5.333539506176868117e-02
-9.808996273513618247e-01
4.546328075744973662e-01
-1.281227000028294372e+00
1.422038493439320428e-02
-5.271403014736425474e-01
-2.418059802286238458e-01
1.408474509040714140e-01
-2.549052966948088805e-01
-4.313019502068308336e-03
-5.691593635678541263e-01
1.956909348080618560e+00
1.806849074240770125e+00
-1.032538082106824850e+00
8.104972862190692462e-01
-1.766079415622051063e-01
-1.708770503724956535e+00
7.786514037916372200e-01
-1.561182167237623597e-01
1.614508994098899253e+00
-8.722333791783902779e-01
-2.379238450580732245e+00
-1.969509850434373599e-01
1.585158738828947866e+00
-8.967869396335755861e-01
1.750061474341515932e+00
-2.326275060125009841e-01
2.291781422604295682e-01
4.051060768836579062e-01
-2.238282888821749861e+00
-2.188686773650475592e-01
-1.132553281557606484e+00
1.739073586853097764e+00
-9.539770848524055102e-01
-3.654658735051286578e-01
-4.480865094745422050e-01
-4.400460751311690566e-01
-5.256076735241601572e-01
6.115148893857239587e-01
3.986399211649863106e-01
2.530091484334068053e+00
-2.427369663037820313e+00
2.840908325701432258e-01
1.154573231150846785e-01
3.678556194379424826e-01
2.055762243163999359e-01
1.395542132965531756e+00
-1.267425205111362807e+00
1.037298951460079222e+00
3.367301983488568684e-01
2.284295775538032647e+00
6.594753732436742233e-01
-4.026913876176357321e-01
6.149270356006564242e-01
-3.054389923891499548e-01
-1.978167427949222512e+00
-1.556822014227990492e+00
-1.316612139341767129e+00
-7.554953629040056517e-02
1.016240343923271006e+00
-1.926288923644401851e+00
4.268322929565961932e-01
-1.281571185710788985e+00
2.622037559771209225e-01
-5.052688678772158104e-01
-9.409335967036364101e-01
6.827265080934338259e-01
-2.799880218298350099e-01
9.849125013789238325e-01
-1.216127352910787440e+00
-1.604814248919426423e-01
2.154946442699030018e-01
3.564624870536407530e-01
-8.315366124942140669e-01
-8.001327046306702107e-01
-1.513965595486236104e+00
5.727598365680813125e-02
1.376677412207388818e+00
6.540062446535197527e-01
-8.492664514040831891e-01
-4.855660675558561290e-01
1.692383109442538724e-01
-2.421574911630205218e+00
1.650036348137025488e+00
-1.284734873941212774e+00
-2.533437437509805878e+00
-8.637027459288076914e-01
4.847794589122886855e-01
-1.750885424185338435e+00
2.482215825542045451e+00
-9.179089514937136540e-01
1.909422983645393757e+00
-8.112189106649261294e-01
-4.488961721973442898e-01
7.207393388575921156e-01
3.419745963424908886e-01
-6.154147637318745090e-02
-3.854960695755773603e-01
1.309364323333307212e+00
-2.843313638334904470e-01
-9.256300274559490227e-01
9.428754394746756418e-02
9.153500868665948031e-01
1.473670802282303072e+00
2.525203688541718949e-01
3.279152119647837232e-02
-1.594734019493701874e-02
-3.533426945739758240e-01
-2.099184478407940535e+00
-3.798079072090895236e-01
1.049494183943244563e+00
-1.530186316890759457e+00
-4.810961720886114956e-01
5.893229156325713314e-02
-2.454083815354128451e+00
1.356700742042989960e+00
3.523386226255770248e-01
-1.089334626149081470e-01
-2.878141375841848926e-01
-6.762039167951199303e-01
1.752097914520378996e+00
3.267152229670304275e-01
2.113536808491794650e-01
8.652300959399218394e-01
1.024362438866859959e+00
2.239961739615136116e-01
1.256845635637504843e+00
4.358577307279825064e-01
-2.153030210565364921e+00
1.836988290988385453e+00
1.023657419384924605e+00
-9.535912244051858444e-01
-1.227603286294892265e-01
2.673794431443319852e-01
-3.543267357641292081e-01
-5.507738059249531748e-01
7.327400055256236278e-02
-1.757792917396426569e-01
-1.709572331221395292e+00
9.928378209099393281e-01
1.192524393144924533e+00
-7.295474841973140778e-01
2.698981099103359704e-01
-9.258804055080327444e-01
-7.406881002718445073e-01
8.934345963785323974e-01
-1.118096988796234009e-01
7.521058272495760866e-01
-1.860036485452975230e-01
-1.451820350809336357e+00
-1.419821679588810559e+00
1.913768382821866343e+00
-7.598054080893555939e-01
8.410891149389079224e-01
-7.416610782379134958e-01
-1.322137238781954938e-01
1.688526025113409990e+00
-1.219794345979966055e+00
7.238182059506240718e-01
-3.028239835547850700e-01
6.096937960763677555e-01
5.526837672517161959e-01
6.349993171235637779e-02
-6.067871928039046958e-01
1.276105604773863700e+00
5.989766107123775107e-01
3.359922945500785213e-02
-6.043489886087952678e-01
-2.366720458967462304e-01
-7.343639358406620632e-01
8.435650621668694393e-01
-2.036498370678197500e-01
-3.722044569677412928e-02
-1.075997450541336109e+00
7.937621595901045435e-01
-8.220969522594329115e-01
1.071373232910958206e+00
9.690796650256320310e-01
6.054742157984620565e-01
-3.508311663467603703e-01
5.048078190157175849e-01
-1.090034405995574218e+00
-1.179938377285262296e+00
-6.049376963614808700e-01
8.960336738208817264e-01
7.762625704220325051e-01
-8.521899459349490114e-01
9.279763781565887326e-01
-2.491496877881268279e+00
9.006783462369868376e-01
8.338483319618958944e-01
-2.717432547403728638e-01
-3.287729371481091789e-01
-8.011255378600738997e-01
1.156924426524301275e+00
8.998321399586267644e-01
-8.771415035323409937e-01
6.116799374190681204e-01
-2.416413229179007749e-01
-1.566316239635995311e+00
7.309912176547774809e-01
-3.058301366885579076e-01
1.077782890102014335e+00
1.029927901911176447e+00
-2.468522725841546805e-01
-3.107966672096000860e-01
-1.024488045743103815e+00
8.468339359204265504e-01
5.189151621248929702e-01
-2.155785844372176463e+00
-1.173381920818304724e+00
-1.386997139290349956e+00
-4.706640579418139292e-01
7.973913578066946228e-02
-3.368206863342586566e-01
3.411052019361100474e-01
-6.862195456662775195e-01
-1.641266079088874896e+00
4.915958774548934151e-01
-8.572915612776585981e-01
9.205688093290267382e-01
-1.773312385528542645e-01
-3.244986726390348131e-01
-2.416228514558772744e+00
2.486984384452735897e-01
-2.309836631696494891e+00
-5.672393843484666576e-01
5.362394102996779210e-01
1.808636801097530944e-02
1.909311923061638994e-01
1.539374715625461965e-01
-2.373165334988553976e-01
1.007896051356502509e+00
9.498967263575458508e-01
-8.135751810067830270e-02
-4.042797539309384014e-01
2.283254976725847207e+00
1.103264992893906227e+00
-1.645499840466743580e+00
3.648488274616172866e-01
-1.576236500065644752e-01
3.423859495781672591e-01
3.355493387341871303e-01
1.733389005352486523e+00
1.147343081942319376e+00
4.079310386203610084e-01
-9.847299158230395921e-01
2.390302659530392226e-01
-1.234555314673498660e+00
-7.512570074894661110e-01
-6.026202462797815018e-01
2.766408473821908021e-01
1.403753752410985101e+00
6.503173921660793111e-01
-1.948533006014996349e+00
-1.903506541839017796e+00
-7.057111320414624078e-01
-1.760922098229656063e+00
3.302882730996020699e-01
1.045861776275005983e+00
-6.540048526945381469e-02
5.525406106371213433e-01
-6.377214117523321013e-01
-2.072196425039131429e-01
-1.494573984467156003e-01
-4.402412477852448713e-01
-7.346963885062860466e-01
9.433825484087917657e-01
-1.349801525613436581e+00
-8.461314059988124525e-02
5.203223660537023010e-01
-2.481294654129904687e-01
1.345721021770168946e+00
-2.689272873538038677e+00
1.494631208926825994e-01
-1.465138349040743249e+00
-1.316999325723738012e+00
-1.066161965102270015e+00
-1.630255637770204880e+00
1.630365726861438824e-01
4.315926818067520876e-01
4.859728490484045010e-02
2.311883369294117641e-01
-3.975623422691133141e-03
6.628982485469921970e-01
1.702937696983667648e-01
3.155415057706575932e-02
-1.731049534675125567e+00
5.630416794498390720e-01
5.821093781874580042e-01
5.830401928367435760e-01
-9.766188601767404887e-01
3.457643956397635221e-01
-9.530559992465278407e-01
2.441858907904569165e+00
1.174621685914545077e+00
2.868714139856742396e+00
1.287307920539312311e+00
-1.531121713680642649e-01
2.078312747856315146e-01
-8.273040099441196782e-01
2.219397271804844252e+00
-9.190086031500707131e-01
1.143768495717310207e+00
1.528745491688132230e+00
2.857650332559955153e+00
1.750601074113045552e+00
-1.154832808308958736e+00
-2.060331971304318888e+00
-6.526355099260517934e-01
-1.488848621088983304e+00
1.459150824101732302e-01
-8.425512038856999286e-01
1.513026613895802841e+00
5.965433318901011139e-01
-3.670423542596245592e-01
-1.764228379066634378e-01
1.812485916829850996e-01
-5.803963001713787623e-02
1.823322592049174240e+00
4.671440427369685094e-02
-6.712374709771929959e-01
3.931886312727201349e-01
-3.124274999080863258e-01
1.084315472142739711e+00
4.119561495019509745e-01
4.175898513189834627e-01
-1.006817653318843542e+00
-5.298344333642386328e-01
-8.020113770216210636e-01
-4.379291447470516907e-01
1.280151964661647490e+00
1.378057662353172175e+00
-9.926763210916540459e-01
7.524203609626181621e-02
5.845141298595550872e-01
1.285295973588685747e+00
2.544257566090850076e-01
-9.336821940161889044e-01
-6.536793193920851230e-01
3.193882212881236637e-01
1.085913709485324619e+00
1.194314767058299642e+00
-8.541764293853325585e-01
2.726606058141463063e-01
-6.501245936583578411e-01
-5.225419126596463348e-01
1.108098572209366139e+00
1.674538141904389432e+00
1.561223488793178849e+00
-2.240312314123004134e-01
5.498995139542082189e-01
-1.061849379472375593e-01
1.132811548623735343e+00
-1.737539565720294943e-01
-2.316412173336768188e-01
-6.047327083266490488e-01
-1.491704589285710592e-01
-1.697621623170489646e-01
4.420526653920442972e-01
-1.485813100976393075e-01
1.891397315122838263e+00
3.623782984949031061e-01
1.032450716151687820e+00
-5.768000370263337562e-01
1.393059429496070978e+00
-2.046826988368652400e-01
6.634402946883859453e-01
-9.793910634920900415e-01
1.487129191509201975e+00
2.898774698301284092e-01
-8.984954646576878146e-01
-1.281860451494910569e+00
-9.209889819234429176e-01
-7.945491971238934914e-01
6.568781539081292031e-01
-1.253042179677140266e+00
2.761647187814070814e-01
-8.127052584140538605e-02
7.189948671284285275e-01
-2.535381667010415119e-01
3.109605004790396698e-01
-6.176593715338430934e-01
1.213363429968778551e+00
-8.526755963152218287e-01
7.938746315320666103e-01
-6.150285558301408217e-01
6.169524629387128645e-01
1.267171343011732620e+00
6.533984131878237678e-01
7.568663630516578866e-01
-9.664765239444172984e-01
-5.286187074970419841e-01
1.634114565506063210e-01
5.115617491495064728e-01
-3.087106089229795236e-01
-2.212804968779839010e-01
-1.523939165172738808e-01
-1.871018348620470118e+00
-8.153805752797396167e-01
2.491691140936749468e-02
6.452483973656850669e-01
-1.831628231031429133e+00
2.081937003318936330e-01
1.374992137016358029e+00
-9.532647889412361464e-02
-1.064623057382929172e+00
-1.605068942469712434e+00
1.287093928416936484e+00
-3.588594538321132066e-01
6.864189624512126997e-01
-5.866946803924519838e-01
-1.070899638969661671e+00
-1.285705465491017385e+00
-6.447419821890041369e-01
1.365939796895835778e+00
2.195395126256063922e-02
-2.567963777928385094e-02
6.962735459452519537e-02
-1.258928069774978953e+00
-1.323604090595300597e-01
3.918420897628705490e-01
-2.078463056367307438e+00
-7.742504152932395689e-01
1.734545255867982583e+00
2.007568774605746620e-01
-4.566643427112302422e-01
-7.028885731216388821e-01
-1.466404855784838868e-01
2.117702116340351992e+00
1.151437260362591086e+00
6.399653109741004764e-01
-3.615602468166468353e-01
-1.102858365986445266e+00
2.340675883647901634e-01
1.878912333765652698e-01
6.851472985492710333e-01
-1.334322323176170277e+00
9.846220687561149099e-01
2.426085185817276280e+00
-6.661761374244530298e-01
-7.676264799668470751e-01
-2.412919827198325873e+00
1.186434378263167000e+00
5.224148848700481407e-02
-1.046021565127041586e-01
-5.729569654369855991e-01
-3.201391865713398288e-01
2.920710072249101508e+00
-1.146249579811642327e+00
8.375475125838808266e-01
-8.679809913549810796e-01
3.839366102043352269e-01
-8.796476882531512054e-01
7.383994455365366916e-01
5.532844844950668417e-01
-3.147220433357953567e-02
7.463412579441465189e-01
-1.496894854923518592e+00
7.384296590116171122e-02
8.380668243866481459e-01
-5.630021768085725631e-01
-5.878509645930032335e-01
3.965643035922583604e-01
-1.203139841129035936e+00
1.462320386029450692e+00
2.834358299401916748e-01
6.459086820838172427e-01
-2.245274822912136092e-01
-3.093717589006178770e+00
-7.401534307316405270e-01
-4.143412955449287116e-01
-1.449515049371021602e+00
-1.696341349971060453e+00
-6.093223015904676299e-01
3.065119609744348592e-02
7.235019643981016602e-01
7.448247994249225234e-01
-7.133961220506905843e-01
4.120238779006545754e-02
-5.414685624913385675e-01
2.603107390113576503e-01
3.234400628662122412e-01
-3.138314849705139409e-01
6.424629501595938152e-02
6.739532021389044170e-01
5.676318191726259510e-01
-1.159927124069795479e+00
-3.242247362726987880e+00
-1.491570113293048339e+00
-7.088075297563166677e-01
-4.515450978246732250e-01
5.259141325142304702e-01
6.697499490988918502e-01
-6.548041462375122634e-01
2.091151411827907314e+00
-1.354325915030138439e-01
-1.258430198284899770e+00
1.066714419792724300e+00
-3.339914326172874759e-01
1.504429079866284269e+00
-7.640452878360373123e-01
-1.276971049077116893e+00
-3.741883093788707648e-01
1.058614440086907305e+00
-1.021168122391883815e+00
1.299998720160577825e+00
-4.988105701920920731e-01
-8.247171535768348383e-01
-2.030259585406153922e-01
1.297820828918883618e-01
1.144929701247149323e+00
-4.152581546415191061e-01
4.105833963239021167e-01
1.601236898023447042e-01
-6.111729208085537879e-01
8.277925849762847177e-01
9.361499108858276630e-01
-4.781842828968898007e-01
1.240371131862572307e+00
3.365480029362646203e-02
8.755287837605032486e-01
8.103888550016048464e-01
5.557279910289211200e-01
-3.735579017659563794e-01
-1.289036937409828276e+00
1.036304482641184910e+00
1.855658394969371683e+00
4.402722007257434678e-01
7.567489669191692636e-01
-1.091675485647017885e+00
-1.273717576795772910e+00
-1.261469942611341599e+00
-6.569047491959124629e-01
-6.966108297383704073e-01
-8.000133592380034853e-02
-1.842612580234252451e-01
8.052658717569964875e-01
2.884689140428650100e-01
-1.650436263049762875e+00
8.508298414634679618e-02
1.779405897161470407e-01
1.514655450736711151e+00
1.459003639642425798e-01
-7.236943231338897053e-01
7.152728185059031851e-01
-1.941178059931369049e+00
6.566426541714467380e-01
-1.453633257975598614e+00
-2.288664862791353338e-01
3.731386479051971294e-01
-1.728914085574835502e+00
5.309245178250910913e-01
-5.209409406418005206e-01
-5.155864056885884478e-02
-6.996937847121726950e-01
-9.149182908028288264e-01
6.432481947698988345e-02
-1.084291160502878215e+00
-2.529483851404365602e+00
5.725302243379275513e-01
-6.353477622150446313e-01
5.677756131972734321e-01
7.713973738602459829e-01
-1.263954989560495568e+00
-3.187269748180490136e-01
-1.147433308388204010e+00
-7.009224262797366656e-01
-1.580045653488112989e-01
1.902390672676012473e+00
9.892276387646470326e-02
1.106433439018067899e+00
1.267381879609444040e+00
2.635090913755361974e+00
8.964839752160588260e-01
1.278082211026372539e+00
1.329720657497617253e+00
2.257068730971293069e-01
-2.785285841928823447e-01
3.965577061108457313e-01
-4.551432091443116112e-01
-7.489704348685924939e-01
-2.846243745075432430e-01
7.400588026186356583e-01
3.667764735560511968e-01
4.001443113372912253e-01
8.775188054580913555e-01
3.844739503007750803e-01
-8.616256557148294082e-01
7.534474013236266421e-01
6.830683680811329150e-01
5.002491524292455027e-01
-1.321204174507638385e+00
5.777984110034903864e-01
8.178085499921644574e-02
1.700864703723631299e+00
-2.285213325912310633e+00
6.530997608865234394e-01
1.846138086218430230e+00
1.562850775294725825e+00
1.279650799509203907e+00
2.023135682478039765e+00
-5.268427709570484563e-01
-1.287205011681592737e+00
-7.941551962432008560e-01
1.692292246815463752e+00
-5.850323061416915493e-01
8.172771281707789104e-01
-8.925928813881927049e-01
-7.424293021654276847e-01
4.120188956119513191e-01
-1.859851065480755850e+00
3.347792999235815747e-01
-1.012039969145785978e+00
6.763763502800042016e-01
1.649155153907743143e-01
-1.377132760711619719e+00
5.667636442187550250e-01
1.467328823983777397e+00
-1.264101203924692662e-01
2.038091326525856284e-01
-1.111270914549477018e+00
1.551442697939748108e-02
7.546471166094951277e-01
-7.406172641339626717e-01
6.374273478869736387e-01
7.685952729553222063e-02
3.443159318704881455e-01
1.025785900190162359e+00
-1.596464801877276685e+00
-2.889772874077726761e-01
-5.479622888955614224e-01
7.673362259560374543e-01
-6.021214383451225505e-01
-3.028969923366497952e-01
8.357255426731220460e-01
1.190059243503641229e+00
1.588403894847012721e+00
-3.364859999412188607e-01
5.980253957570813572e-01
1.164247034639682932e+00
-1.181181423276043141e+00
7.142062951670014037e-01
9.123727643810332077e-01
-1.033984059401051425e+00
3.123913089191079906e-02
6.231599374523726365e-01
8.087639861110365036e-01
-1.094039296304279985e+00
6.291811120485004682e-01
1.639272259288138800e+00
1.016231778009893061e+00
1.896459393548150629e+00
-2.854874598405752750e-01
6.075592214611259534e-01
-9.793792699184478145e-01
-1.650624435581885263e-01
-7.018683854376819298e-01
7.718544853082746071e-01
-1.378855927952196359e+00
-1.184799865384867229e-01
9.554165834918605382e-01
1.260371704595312892e+00
-8.227053799576314885e-01
-9.742989824397193521e-01
-1.055729475266665940e+00
-6.714243798611636560e-01
-1.055208829887921640e+00
-2.098269441125995449e+00
8.120033694151983505e-01
1.853604835657063354e+00
-1.351446092153456346e+00
-3.387396556582458196e-01
-4.669946410462163522e-01
2.298277776935695738e-01
1.503863062966530051e-01
-7.378006266269098168e-01
1.020933505187836099e+00
-2.029862503721823197e-01
-3.205405131839234589e-01
-1.072999577220715928e+00
-3.817527195266096074e-01
-3.531390735085725430e-01
1.671952476459570347e+00
6.136568296629296704e-01
-6.537201033367761038e-01
4.688727509063640997e-01
1.169060903080357594e+00
2.488632511899468547e+00
-2.638283687750377915e+00
-1.337484726657993950e-01
-5.500219892896034413e-01
-4.702378905693069266e-01
1.264657650797421207e+00
-5.741529555287964159e-01
1.972789410805344534e+00
8.183760581196423134e-01
1.764210095625333707e-01
-1.017415640977514579e+00
-3.117514839180794417e-01
6.663486098908795174e-01
1.327091668143225656e+00
-4.059460569812792241e-01
4.389560085335009743e-01
2.593583518688617473e-01
7.212448333279838364e-01
-1.422210929559510895e+00
1.870814994812048493e+00
1.168295905448858862e+00
-1.434435888438084783e+00
-5.282278824771291514e-01
-1.730365269637928360e+00
-1.005331448020400531e+00
-1.787212861510855400e-01
-2.369214993347311893e+00
-5.155375517860782963e-01
-8.446201132155082281e-01
-2.722409765961237293e-01
-3.215582028101319212e-01
1.083728634769723920e+00
1.905918662052395351e+00
-7.204299085794606539e-01
7.539568349711075479e-01
-1.015968581074226051e+00
-4.505856278688370464e-01
-3.053026557052438972e-01
-3.933659189916050014e-02
4.824988046707534006e-01
6.262383184104708400e-01
-1.781343013121250429e-01
-1.844022235919083874e-01
1.237795806806909760e-01
-3.558895277904575161e-01
1.888528337980800886e+00
-5.906166312838262433e-01
2.185214039752111148e+00
-1.273142977164800849e+00
5.200044011653419673e-01
8.823497381210195778e-01
-9.541157385115485168e-01
7.670675073425803348e-01
-4.678623256213579329e-02
-6.320785286006909143e-01
-1.717508024251257481e+00
-2.298045353523341452e-02
-2.578138468729147294e-03
8.210629840903607701e-02
-1.281247417440338487e-01
