1.574792132255501409e+00
-5.237779675090601383e-01
2.303898616608482719e+00
5.441838559082445848e-02
-1.060456470524224343e-01
-1.248708720968005892e+00
1.264639050571953804e+00
-1.121151307131311864e-01
1.778898289737942395e+00
-4.425320838036654325e-01
-1.359286323392721929e+00
3.418438143676246627e-02
1.020162756351908617e-01
1.425848340953060234e+00
-4.252073602600522362e-01
1.581781195517490746e+00
1.396767414605439850e+00
9.041772265820737786e-01
9.663181202485281451e-01
-1.671554273206748542e+00
-3.077151847784510563e-01
7.658604774759493194e-01
-9.961342156665448089e-01
-3.248494271915481485e-02
-1.041485699962633626e+00
-2.041893904999968701e+00
-2.932439153332049298e-01
-9.257591740208263031e-01
-6.833934473556719791e-01
1.080142552242147752e-01
-4.419168573543607037e-01
3.211698094538960602e-01
-2.219639715668051405e+00
4.176994728609177976e-01
5.841939453259932247e-01
7.172869472482886755e-01
6.244901909848958876e-01
-2.440877514325474618e+00
6.852299034846627279e-01
-1.624271587363043556e+00
1.057997906383142839e+00
-9.470245115204161124e-01
1.091408015653752145e-01
-2.172048156188999712e+00
-6.318386962024705733e-01
2.316351175899824533e+00
-7.177087067477682103e-01
7.610054529042094007e-01
2.293956739572912407e-01
-1.307103758212358802e+00
1.300095944730205400e+00
-6.596605150965859643e-01
4.462491428660877446e-01
8.094945600943073138e-01
-4.504655610620497130e-01
1.484332515142516185e+00
7.785292835657108279e-01
1.702968913903068371e+00
-1.041557496159457807e+00
1.415290302596031946e+00
-8.632700108604478284e-02
-1.238895957775955209e-01
3.173633499737901070e-02
-2.626863388700848012e-01
-3.965701758890196604e-01
7.544843560262869397e-01
-4.265951972727038410e-01
5.448628588026604991e-01
-1.429312981689282891e+00
-8.263094072020328307e-01
3.949462778790862050e-01
5.586404157694160322e-01
9.785527416271870838e-01
-1.235087330883926360e-01
-3.993919979676726073e-01
2.059613106486175571e-01
-4.686679445837544922e-01
5.384182613620103197e-01
5.168497117858281698e-01
8.452177568039154210e-01
1.415374442418786183e+00
-4.559191010177432446e-02
6.830539463024019042e-01
-3.792957886725527583e-01
-1.541270142327284542e+00
8.740352101311835709e-01
7.982596180306600342e-01
-1.628696545815203345e-01
1.910760416707023290e-01
1.618303872265876464e+00
-7.808057738527965919e-01
-1.315665972830358521e-01
5.144166521407280701e-01
-9.091915986082720336e-01
2.541841231735059714e-01
-6.800237378570358482e-01
-1.395435048490228036e+00
1.071777447310365394e+00
1.337459797349863422e+00
5.617171568036878615e-02
6.609392823088335867e-01
-1.046770958397069240e+00
2.373469145477862322e-02
4.227721704518572765e-01
-2.820965757974958077e-01
2.088325993769295508e+00
8.555560855496022743e-01
2.403565565641130330e-01
-3.166020079701769574e-01
5.930375272715150414e-01
2.007953295948946004e-01
-1.547794967904039032e+00
1.364444991604223834e+00
-1.233083040880333048e+00
-1.127029849380553062e+00
2.885723921020537097e-01
4.149503496557753746e-01
-1.180570370231432520e+00
-1.142838449830456682e+00
9.766792082420030705e-03
1.288384914198663356e-01
6.617718487353621559e-02
6.312560983688622063e-01
3.561762560091370489e-01
3.905002831941374597e-02
1.350899773068432452e+00
-1.628630295302425202e+00
-2.755115683521462966e-01
1.398333653017539424e-01
-3.700403848908985216e-01
-9.806590576374866197e-01
1.260772167327184778e+00
-8.453016465589605621e-01
7.590975565656961077e-01
1.762670125695710299e-01
-1.176714358481826705e+00
9.714369701002392166e-01
3.832242150005318870e-01
5.929541188533911100e-01
-1.411402510032022661e+00
-1.018444085357584239e+00
-3.049217101522999074e-01
1.437138011872759913e+00
-1.518970762129698393e+00
-6.363409191054573144e-01
2.257993437453588381e+00
-1.077897869958144739e+00
-9.529074477936442245e-01
-4.365040383766324861e-01
-7.425024914281197486e-01
5.348509646653499816e-01
-6.005422072789389221e-01
8.751233502664299557e-01
-4.507332448375606093e-01
-2.153310362591673410e+00
1.593820451561007934e+00
-1.772296517358644019e+00
-1.301594448440670737e+00
5.793442212527436519e-01
5.786734276359046802e-01
-4.187755081966192949e-01
-1.532305922479745730e+00
1.223566469523068800e+00
7.055362737787820859e-02
-8.141083589196665971e-01
-1.003384166767727681e+00
-8.112356771123534482e-01
8.513938245345336053e-01
-8.806055994189565528e-01
9.892762541688421285e-02
-1.064589858377653853e+00
1.381461872151464654e+00
-5.558841198133916972e-01
-7.194949137825913388e-01
3.991844384245314958e-01
6.772564758608909941e-01
-1.268922419004935964e+00
-8.763227804806766885e-01
-1.454719618299992190e+00
1.074120501111143877e+00
4.527592131283862398e-01
-4.851577833643847537e-01
-4.268728231418845720e-01
4.271310809081934057e-01
1.239732563178979285e+00
-6.514650834006932012e-01
-1.153804109462806204e+00
2.117637524715069164e-01
-2.841409272600448621e-01
1.164418394458731632e+00
-6.220180799594162702e-01
-1.268039898301729362e+00
-4.610583226074005947e-01
-1.211227026714917443e+00
-1.154741428059378183e-01
-8.316579433811879252e-01
-1.619705713375553247e+00
-1.972830132676261505e-01
8.127680550909998081e-01
-1.223004235671308670e+00
-7.369816276970750368e-02
1.621483410359632504e+00
-3.944400472466513818e-02
5.300239094544620944e-01
4.406385530143640539e-01
-2.308338421862914824e+00
-4.527474137782103725e-01
2.845652605249344713e+00
-9.044209499318946188e-02
-1.085061323386908194e+00
7.793830442805194103e-01
1.063017531627285406e+00
-2.046364567232469067e+00
-8.006835508172398530e-01
-2.759243423773281023e-01
-6.855391599826626825e-01
7.607594305724214578e-01
1.257538254942697442e+00
2.350176881389295591e+00
-4.760854172145596586e-01
-1.592312483333800710e+00
-1.838859576181012478e+00
9.937592937819228478e-01
8.174161207481455138e-01
1.657014151819645287e+00
-1.869748687721889624e+00
-2.586898207747549416e-01
-3.037494192201913856e-01
-6.160076113396685260e-01
1.061998206046894655e+00
2.064824021802497411e-01
8.727698886967659442e-02
1.432931973754480448e-01
3.379479065877314947e-01
-3.222271630891765937e-01
-8.898084013344283172e-02
9.678706749391690067e-01
2.839233775318490416e-01
-1.703787063163912929e+00
6.901841944151565489e-01
1.137017926734435358e+00
-1.086371246706834048e+00
8.241494642200416498e-01
6.203733744315730325e-01
-5.399767775839187101e-01
1.095733551638488068e+00
1.738909674067613764e+00
-1.209466245160828235e+00
1.793672466016091038e-01
-1.481288241815723605e+00
5.780050442892286089e-01
1.259039769146511833e+00
-1.843579225474401007e-01
9.409627581310375799e-01
-8.929597892029067507e-02
-9.156981588116168413e-02
-1.117839524146370556e+00
1.243505653440057035e+00
-3.068767276358962959e-01
4.345890997441889669e-01
6.899036683269506309e-02
1.442735753205157012e+00
5.963295532056673842e-01
-5.118562802484141194e-01
-8.685191113286918618e-01
-2.039629151673880980e-01
1.032048722924472584e+00
6.125000028186747825e-01
9.592387445102740218e-01
-5.934401428369753262e-01
-3.007639565589846353e-01
-5.756043869639498878e-01
-1.071476054918089754e-01
-3.927066287980284787e-01
-1.549507166924434520e-01
-8.923882744633626629e-02
6.152505102791805403e-01
-4.306427917435665109e-02
2.006582633135361338e+00
6.722249351920475124e-01
2.069825642241292230e-01
3.635093508803896589e-01
-4.258617046680486240e-01
1.064354707417079354e-01
-3.750974111709469705e-01
1.854375037959262951e+00
-1.701383636971475433e+00
3.037758886751353304e-01
-6.313071425191458808e-01
1.071812595330072559e+00
-6.333334718078058312e-02
1.244999135387094391e+00
5.177618164696656811e-01
6.906851843232447719e-01
-5.102520031855415361e-01
8.779913898847122034e-02
8.546678353458950772e-01
-1.882461037264706372e+00
6.546172627687423251e-01
1.895190201967849708e+00
-1.852158448675702340e+00
3.342656002463854081e-01
-1.561756362956029598e+00
-5.752280393497533062e-01
1.502534710242668714e+00
-1.566947533948997107e+00
-3.241725940548811358e-01
4.848975046856899423e-02
-9.800189947112045163e-02
-1.033572968377579837e+00
1.705546337815239788e+00
-2.798225870129534276e-01
2.523383785098307075e-01
2.859367126476858867e-01
-1.762439677042753061e-01
1.449483961727834780e+00
2.957710087522568809e+00
-5.765790016965763876e-01
-7.246531398212829878e-01
1.045135270896816237e+00
-4.876954743080391674e-01
-6.379756134169153325e-01
-1.349389935299466048e+00
1.103983361046173561e+00
-9.937107341567608110e-01
-9.236612055436052016e-01
2.289436446969292493e+00
-4.203435492496344072e-01
1.782821343052257035e+00
3.885591333194323566e-02
-2.952745162458772832e+00
-1.404312517497794843e+00
9.620067891343275779e-01
2.332635324561930512e-01
1.483798993000834177e+00
5.346400953308116932e-01
-1.180309251116903324e+00
8.741414992558885211e-02
8.740513174333193192e-01
-1.050807432542496089e+00
1.024965386290235925e+00
7.179981143043301373e-01
5.490900979017723227e-01
-1.702708434774252266e+00
1.593260059875216239e+00
-1.192939422583435966e-01
-1.744492015027180543e+00
9.706079225634239860e-01
-2.478649895932256153e-01
-1.441291436283063943e-01
9.677782023040922832e-01
7.897061965820371121e-01
9.254275107042390924e-02
-6.242306466310904023e-01
-1.765976337659930506e-01
7.533062855850377604e-01
-5.997838333521744447e-01
-7.252737744019849275e-01
1.035985361453217513e+00
8.121450354412760309e-01
-7.345855809646203438e-01
3.592288081957389911e-01
3.613916133551062226e-01
-4.874984693778581235e-01
-6.695444820747262216e-02
1.002602594280095794e+00
8.774556780493217856e-01
3.979946142833659661e-01
-5.139289845782269994e-01
-5.615400538742773562e-02
2.784306022251931481e-02
-9.144847778029503438e-01
6.789702933456298606e-02
1.906323892465102698e-01
-1.171945942623961318e-01
2.618570952498681104e-01
8.933895359981176565e-01
2.699260331602820751e-01
4.053689204837472304e-01
-1.237324346116780022e-01
1.737630489417201662e+00
8.885535832092739117e-02
-1.277659095286411750e+00
2.642359880251077264e+00
-9.996723070470542316e-02
-1.065598481501937922e+00
-1.317417081620428032e+00
6.654635313522784257e-01
-7.509554443479234953e-01
-1.732641685333655479e+00
5.033406498197888768e-01
6.967000711816517811e-02
1.133252411772610740e-01
-4.144396604591651379e-01
6.704101704932288186e-01
-1.087970901080409641e-01
7.042818515326625395e-01
-6.842995719923756770e-01
-1.118724548476995179e-01
1.345996800278593808e-01
9.348936882007458093e-01
8.319891018000839800e-02
3.897705895808125098e-01
6.419753190656058983e-01
-6.282667512722630576e-01
1.136201104670025996e+00
2.501758977519640270e-01
8.286291326543973046e-01
5.183642389736454748e-01
-3.178906892647956339e-02
-4.575789154179575879e-01
1.516950741497880006e-01
2.203142502480580855e+00
1.815083294643620837e+00
8.056447814147721376e-01
-1.442987156012117245e+00
-1.318134768967990311e+00
2.323053990532572277e-01
1.982773639471384353e-01
5.625085986931289972e-02
-8.654980199169854949e-01
7.347833427989109989e-01
-2.029474472390225062e-02
-1.485479485319110449e+00
-7.691840017976305788e-01
-2.246313405343097092e+00
1.438485974137204026e+00
-2.133306478731012146e-01
-9.443987488021360344e-01
-5.160454322941004923e-01
1.501967189512035894e+00
1.264246230851524322e+00
1.065935793314584323e+00
-6.004228281845298554e-01
5.962224603030081838e-01
9.734091200033275770e-01
1.174218230711139066e+00
-1.913404771820089445e-01
-8.797602034315735731e-01
-8.623771655019260018e-01
-4.773898818736645455e-01
1.007371580797427280e+00
-1.344620369790965608e-01
-5.097135976166228266e-01
-1.056503741861412715e+00
3.668447949813807285e-01
-8.183610250309335532e-01
-2.242014572639157988e-01
-3.545947298976042106e-01
-1.215783762990570560e+00
1.583039381651352606e+00
7.617008910255779197e-01
1.850692638945860280e-01
-3.138826128563553808e-01
-8.143174488494853147e-01
4.199134814921960945e-01
3.840030625332945258e-01
6.631032564683931804e-03
-1.254148062695156218e-01
6.895362493143887272e-01
-9.173466140720942796e-01
3.784100092404661386e-01
-7.112420157798926557e-01
4.234578318968060806e+00
-1.743119094791334422e+00
2.592428665948559585e-01
-2.271801318407744297e-01
-3.852411653835763339e-01
7.299789108746892463e-01
-1.072405029810593602e+00
-5.184669458626141036e-01
1.258443496154185048e+00
8.628747176931595986e-01
-2.354218097429570666e-01
-1.871939413265414354e+00
-1.245179967831484991e+00
-1.194140485872182023e+00
1.274451252310229710e-01
9.782572970022800352e-01
5.759483065749696484e-01
7.974200638345831094e-02
-4.383707947439575148e-01
3.790227499285768742e-01
5.339147144840873382e-01
6.900824462940738924e-01
-1.795720801683348133e-01
6.825766131203728770e-01
-9.176819788731871430e-01
-1.591682814186269265e-03
5.765707842132690442e-02
-1.380954223744160547e+00
-1.163404405211881931e+00
-8.790956648931015638e-02
-9.963271179413277778e-01
-8.929842081025052281e-01
1.301662986135759592e+00
5.344703555965520103e-02
-1.349373734038439077e+00
1.651392095631964319e+00
-2.733288293860297591e-01
-1.133584732217868929e+00
1.126895428688374917e-01
-4.797653841713097611e-01
1.596234787880344896e+00
-7.932798562974231471e-01
-1.578303531041351571e+00
-2.420549213458453586e-01
-1.990348437970083928e-01
-1.241384207357670411e+00
-6.630357685529997269e-01
