chr	rs	ps	n_miss	alpha	beta	gamma
-9	175347671	-9	0	-1.147922e-03	-2.768083e-02	8.087000e-01
-9	78509270	-9	0	3.767841e-03	1.443172e-01	9.991000e-01
-9	183668402	-9	0	2.356220e-05	3.917466e-03	8.577200e-01
-9	175665338	-9	0	3.214718e-03	1.160663e-01	9.872700e-01
-9	29543072	-9	0	-3.101344e-03	-3.790454e-02	8.460200e-01
-9	114791538	-9	0	-3.454166e-03	-2.903284e-02	7.778400e-01
-9	100327773	-9	0	3.290490e-03	3.686718e-02	8.323700e-01
-9	57217085	-9	0	2.373948e-03	8.312698e-02	9.895300e-01
-9	244832602	-9	0	-3.402012e-03	-1.258604e-01	9.974100e-01
-9	247068049	-9	0	2.688042e-03	5.649176e-02	8.906900e-01
-9	78787189	-9	0	-2.540782e-03	-7.146688e-02	9.580500e-01
-9	24851281	-9	0	-4.372984e-03	-1.643305e-01	9.992800e-01
-9	160904891	-9	0	-1.613876e-03	-3.330741e-02	8.202600e-01
-9	183701442	-9	0	1.391232e-03	3.642089e-02	8.314900e-01
-9	247029564	-9	0	-1.151537e-03	-3.866565e-02	8.598800e-01
-9	74947737	-9	0	2.685746e-03	5.411720e-02	9.267800e-01
-9	183613695	-9	0	1.980470e-03	4.291608e-02	8.375400e-01
-9	183221555	-9	0	3.423441e-03	1.309085e-01	1.000000e+00
-9	110550384	-9	0	-1.387584e-03	-1.254021e-02	7.219400e-01
-9	175374411	-9	0	-3.456118e-03	-1.323587e-01	9.999200e-01
-9	183637048	-9	0	-1.264678e-04	-2.132140e-03	8.662900e-01
-9	175437757	-9	0	-2.544876e-03	-5.973600e-02	9.494500e-01
-9	68275815	-9	0	1.895827e-03	3.172953e-02	8.087700e-01
-9	71776907	-9	0	-5.075894e-04	-1.376982e-02	8.561400e-01
-9	175438468	-9	0	5.769017e-03	2.213734e-01	1.000000e+00
-9	40873965	-9	0	-2.461767e-03	-6.734943e-02	9.048300e-01
-9	68277332	-9	0	-3.048020e-03	-1.105418e-01	9.974100e-01
-9	57241457	-9	0	-2.364717e-03	-3.541706e-02	8.203300e-01
-9	68259982	-9	0	-2.278749e-03	-4.485698e-02	8.456600e-01
-9	158601075	-9	0	2.888733e-03	1.104314e-01	9.995400e-01
-9	175353559	-9	0	2.117938e-03	1.680772e-02	7.156300e-01
-9	110528795	-9	0	-4.079697e-03	-1.539729e-01	1.000000e+00
-9	183749628	-9	0	-6.267483e-03	-2.365117e-01	1.000000e+00
-9	247084758	-9	0	-2.765104e-03	-9.876625e-02	9.220500e-01
-9	115631602	-9	0	5.643655e-05	-2.290406e-03	8.492400e-01
-9	247010380	-9	0	1.566205e-04	8.282783e-04	7.569500e-01
-9	71773888	-9	0	-1.973311e-03	-6.098071e-02	8.968700e-01
-9	234421028	-9	0	4.991510e-03	1.886678e-01	1.000000e+00
-9	175320106	-9	0	2.731069e-03	8.940933e-02	9.849600e-01
-9	40885941	-9	0	3.405952e-03	1.251289e-01	1.000000e+00
-9	220440171	-9	0	-2.649602e-03	-4.323756e-02	8.396100e-01
-9	113481057	-9	0	9.004692e-04	1.959215e-02	8.070300e-01
-9	183264367	-9	0	-3.460523e-03	-1.244397e-01	9.735200e-01
-9	40643593	-9	0	3.351886e-03	2.998316e-02	7.890200e-01
-9	247090264	-9	0	2.897412e-03	5.685189e-02	9.078300e-01
-9	57200259	-9	0	-2.151740e-03	-3.369285e-02	8.107800e-01
-9	29536893	-9	0	4.608354e-03	1.758418e-01	1.000000e+00
-9	32092072	-9	0	2.577231e-03	3.873636e-02	8.326200e-01
-9	43883709	-9	0	2.647424e-03	7.354881e-02	9.488500e-01
-9	40018200	-9	0	-2.867212e-03	-1.059598e-01	9.956300e-01
-9	183669719	-9	0	-1.696463e-03	-5.704695e-02	8.857900e-01
-9	158617600	-9	0	-5.626287e-03	-2.141988e-01	1.000000e+00
-9	43877501	-9	0	-3.427903e-03	-2.873244e-02	7.803600e-01
-9	46506499	-9	0	-3.541595e-03	-1.326126e-01	9.987600e-01
-9	74951462	-9	0	-1.897578e-03	-4.196960e-02	8.368000e-01
-9	68192920	-9	0	2.353082e-03	8.363861e-02	9.989300e-01
-9	153004616	-9	0	-4.001771e-03	-3.884164e-02	8.639700e-01
-9	177676678	-9	0	3.343910e-03	1.243287e-01	9.999500e-01
-9	183640109	-9	0	-4.291304e-04	-1.321181e-02	8.712900e-01
-9	154509148	-9	0	-3.397789e-03	-1.305832e-01	9.998500e-01
-9	57236993	-9	0	2.812718e-03	6.310733e-02	9.351900e-01
-9	173426671	-9	0	-2.966413e-03	-3.449141e-02	8.159800e-01
-9	68260612	-9	0	2.907113e-03	1.118532e-01	9.995200e-01
-9	160092550	-9	0	-2.608819e-03	-5.680427e-02	8.873800e-01
-9	100342149	-9	0	-9.234814e-04	-8.048850e-03	7.115800e-01
-9	243362038	-9	0	-3.351899e-03	-1.284931e-01	9.986700e-01
-9	63106954	-9	0	6.269229e-03	2.455600e-01	1.000000e+00
-9	67482197	-9	0	-2.928898e-03	-4.779022e-02	8.833800e-01
-9	156755955	-9	0	-3.420135e-03	-1.251083e-01	9.895400e-01
-9	175369936	-9	0	-2.041536e-03	-4.551259e-02	8.473000e-01
-9	40007425	-9	0	1.793906e-03	3.491436e-02	8.214700e-01
-9	46525023	-9	0	2.686575e-03	7.671429e-02	9.331600e-01
-9	115613772	-9	0	1.987370e-03	6.059946e-02	8.906700e-01
-9	78803051	-9	0	3.666917e-03	2.704300e-02	7.722000e-01
-9	156730185	-9	0	-3.175649e-04	-1.330686e-02	8.049600e-01
-9	175577457	-9	0	-3.623690e-03	-1.360953e-01	9.998700e-01
-9	156757737	-9	0	2.418615e-03	6.115241e-02	8.829400e-01
-9	95316042	-9	0	5.923585e-04	1.128699e-02	7.782800e-01
-9	78807954	-9	0	-2.534253e-03	-9.241724e-02	9.997200e-01
-9	158588436	-9	0	-2.084101e-03	-5.876854e-02	8.755100e-01
-9	46641718	-9	0	-2.440094e-03	-8.762368e-02	9.966800e-01
-9	183804545	-9	0	2.402523e-03	8.861389e-02	9.994700e-01
-9	53227955	-9	0	-5.069733e-03	-1.924245e-01	1.000000e+00
-9	247082054	-9	0	-3.445504e-04	-6.114565e-03	7.539100e-01
-9	183783453	-9	0	-3.969312e-03	-1.454276e-01	9.644700e-01
-9	68277248	-9	0	2.318177e-03	2.623153e-02	7.765900e-01
-9	175379035	-9	0	6.292819e-04	1.182797e-02	8.019400e-01
-9	40818447	-9	0	2.747826e-03	5.772647e-02	9.360400e-01
-9	46557859	-9	0	3.344809e-03	1.250538e-01	9.999900e-01
-9	175394445	-9	0	-5.573702e-04	-1.400795e-02	8.302200e-01
-9	158593250	-9	0	7.216673e-04	1.256885e-02	7.772400e-01
-9	57251970	-9	0	-3.331904e-04	-2.580631e-03	7.190300e-01
-9	151132474	-9	0	2.002401e-03	1.583729e-02	7.143300e-01
-9	175454882	-9	0	-2.588340e-03	-9.349373e-02	9.990800e-01
-9	35480600	-9	0	5.400639e-04	9.534716e-03	7.557800e-01
-9	247086793	-9	0	6.133866e-04	1.070066e-02	7.731100e-01
-9	183770228	-9	0	-4.524157e-03	-1.677642e-01	9.772900e-01
-9	247084947	-9	0	3.286071e-03	1.235163e-01	9.441700e-01
-9	175706343	-9	0	2.449910e-03	2.586709e-02	7.744300e-01
-9	46588825	-9	0	2.883849e-03	9.958714e-02	9.794800e-01
