-6.671316e-03
2.483917e-02
1.642748e-02
4.003890e-02
-3.974409e-02
4.339813e-02
-2.248174e-03
4.283721e-02
-3.327266e-02
2.954544e-02
2.979896e-02
1.948930e-02
-2.433154e-02
2.912608e-02
1.646389e-02
4.194734e-02
-6.645343e-03
3.138601e-02
6.787230e-03
3.465662e-02
5.152775e-03
2.378022e-02
1.712109e-02
6.197459e-02
-2.039286e-02
2.064929e-02
-2.500661e-02
-2.941476e-02
5.690230e-02
2.512617e-02
-3.629499e-02
-3.960568e-03
-2.922379e-02
-3.351368e-04
4.278211e-03
1.261749e-02
5.550179e-02
3.871529e-02
4.020149e-02
-1.749072e-02
-4.375922e-04
-1.487532e-02
-1.575964e-02
3.558286e-02
1.853819e-02
1.223717e-02
6.073287e-02
3.571970e-02
-2.983818e-02
-3.501280e-02
3.864305e-02
-2.142699e-02
7.511200e-02
1.545649e-02
5.045649e-02
6.411398e-02
1.514754e-02
-1.226863e-02
2.865374e-02
1.851585e-02
1.296665e-02
6.336963e-02
1.813663e-02
1.382027e-02
-1.358118e-02
6.327464e-02
1.060784e-02
2.213303e-02
7.236957e-03
1.008293e-02
4.809833e-02
3.488932e-02
1.918449e-02
3.375900e-02
-7.425638e-02
1.446650e-02
5.044600e-03
1.607346e-02
2.354515e-03
-2.931011e-02
6.067258e-03
-2.233651e-02
2.289577e-02
-3.474011e-02
-3.920043e-02
1.075564e-02
-4.056921e-03
-1.006469e-03
5.174215e-02
2.943157e-02
-4.955107e-02
2.939903e-02
9.292619e-03
-1.240040e-02
-5.072179e-03
-4.247934e-03
-1.327798e-02
-1.007345e-02
4.792067e-02
-1.949592e-02
2.621607e-02
-1.218377e-03
2.153363e-02
4.280477e-02
4.504134e-02
6.261573e-02
4.268764e-02
-1.711375e-02
1.729706e-02
3.516808e-02
3.460238e-03
4.042358e-02
2.255416e-02
1.253043e-02
7.729353e-02
5.125020e-02
4.278139e-02
5.299221e-02
1.200286e-02
6.305409e-03
3.633265e-02
5.445234e-02
9.138898e-03
1.959953e-02
7.521512e-02
-7.873229e-04
5.526487e-02
1.490915e-02
-1.125884e-02
-5.074886e-03
-4.208787e-02
5.531892e-02
-3.876908e-03
3.940861e-02
-5.198084e-03
-4.028681e-02
6.576089e-02
-3.502853e-02
5.056059e-02
2.528106e-03
1.912043e-02
3.496664e-03
1.220549e-02
1.913645e-03
1.685704e-02
2.800615e-02
8.655080e-03
2.965671e-02
3.578057e-02
-2.694908e-02
2.558162e-02
-1.118197e-02
1.723208e-02
6.311449e-02
2.767916e-02
2.555917e-02
-2.455248e-02
-3.325062e-02
1.400668e-02
3.505239e-02
3.778829e-02
-8.816274e-04
2.771255e-02
2.507394e-03
-2.901174e-03
5.074267e-03
1.897024e-02
3.208827e-02
-3.392807e-02
2.154481e-02
-5.282641e-02
1.825629e-02
2.888999e-02
9.814302e-03
-2.421272e-02
1.961419e-03
-3.964022e-03
1.361742e-02
4.590335e-02
2.285938e-02
-1.467968e-02
1.938236e-02
-4.800355e-02
8.172089e-03
8.456827e-03
3.066782e-02
-1.159623e-02
-1.367133e-02
6.092448e-02
1.912857e-02
3.247529e-03
2.370280e-02
3.395297e-02
6.266246e-02
1.855284e-02
3.064258e-02
1.669433e-02
-4.645584e-03
-1.097755e-02
-1.736665e-02
-6.275232e-02
6.880543e-03
2.799767e-02
-2.071985e-02
4.053680e-02
1.375652e-02
-7.113539e-02
-2.720486e-02
9.920793e-03
5.496400e-02
2.297168e-02
-2.339830e-02
-8.040758e-03
2.784856e-02
-4.515547e-02
-3.416690e-02
-1.877013e-03
3.383745e-02
-2.010825e-02
4.465273e-03
-3.064564e-02
2.435841e-02
-4.755688e-02
4.189482e-02
4.696227e-02
2.243624e-02
-2.365087e-02
-2.640828e-02
-1.209914e-02
-2.481833e-02
-2.045088e-02
-8.444271e-02
6.186861e-03
-1.150772e-02
-1.022060e-02
1.143168e-02
-9.466069e-03
2.675239e-02
-3.892936e-02
-1.554235e-02
3.554658e-02
3.162655e-02
-1.236715e-04
-1.663772e-03
-9.444824e-03
-2.426240e-02
1.246523e-02
3.717673e-02
-5.333612e-02
2.501410e-02
2.080235e-03
-3.180558e-04
9.677406e-03
-3.190317e-02
2.106410e-02
9.359424e-03
-3.833035e-02
-6.712581e-02
1.809931e-02
-8.377949e-02
2.238336e-02
-1.628888e-02
-1.687146e-02
-1.095363e-02
-3.918029e-02
-1.214847e-02
-9.082401e-03
-1.355980e-03
-2.147181e-02
1.881809e-02
6.668268e-03
4.889332e-03
-5.624750e-02
-2.721453e-02
-6.818570e-02
-6.070675e-02
1.434410e-02
1.614698e-02
-9.161309e-03
4.489332e-02
8.366879e-03
8.277378e-04
-2.612635e-02
-3.111080e-02
-4.817956e-03
-2.272457e-02
-5.424947e-02
3.780901e-04
-9.585665e-03
-3.721907e-02
-2.685768e-02
-1.642749e-02
8.784241e-03
-4.505208e-02
3.038903e-02
-3.686099e-02
3.066869e-03
-2.464722e-02
4.909783e-02
-5.558711e-02
7.286649e-02
-2.451951e-02
-1.452019e-02
1.490800e-02
-1.125110e-03
-3.494220e-02
1.206519e-02
-2.645787e-02
-3.774121e-02
4.063517e-02
6.923760e-02
3.680307e-02
-5.219988e-03
2.356547e-02
-4.253502e-03
3.131971e-02
-4.290586e-02
2.340120e-03
-1.184001e-02
-5.472610e-02
-3.705619e-02
-4.685095e-03
1.533636e-03
2.565639e-02
2.852465e-02
-6.316039e-02
1.855226e-02
5.327904e-03
-5.257569e-02
1.212332e-02
-1.180421e-02
-7.918065e-03
6.312187e-02
2.950747e-02
4.652382e-02
2.026262e-02
7.038593e-02
3.013994e-02
2.903057e-02
2.568323e-02
1.439147e-02
1.390524e-02
3.181322e-02
1.486592e-02
-7.797049e-03
3.050249e-02
-3.864973e-02
2.630760e-02
1.447583e-02
9.101976e-02
2.551826e-02
6.483322e-02
1.654353e-02
7.825008e-03
2.724730e-02
7.547500e-02
4.004093e-02
2.230486e-02
4.073917e-02
1.587077e-02
1.585570e-02
2.311855e-02
1.616346e-02
3.997709e-02
-5.282937e-03
-5.118422e-02
4.468803e-02
-4.984497e-02
3.366692e-02
-1.927606e-02
-1.375533e-04
-2.941403e-02
2.572214e-02
2.983643e-02
-5.071447e-02
2.409102e-02
-1.477893e-02
9.377184e-03
4.051451e-02
3.725752e-02
-6.602386e-05
-2.164071e-02
2.379991e-02
-1.354557e-02
-3.058097e-02
5.672562e-03
3.152372e-02
2.513967e-02
7.150668e-03
-2.410613e-02
2.962327e-02
6.665434e-02
1.965829e-02
-1.478188e-02
3.745111e-02
2.040519e-02
2.072945e-02
4.705368e-02
4.751957e-02
-2.786806e-02
5.435477e-02
1.249560e-02
2.623731e-02
-2.354874e-02
3.726442e-03
2.532373e-02
-1.193671e-02
-2.909482e-02
-2.782203e-02
1.289350e-02
-7.913637e-04
5.086536e-02
-5.809251e-02
9.983853e-03
-4.195111e-02
-1.770704e-02
1.888181e-03
5.078871e-02
4.889307e-02
3.655806e-02
-3.142903e-03
-8.811274e-04
-1.634711e-02
5.165004e-02
3.594772e-03
4.975754e-02
-3.903039e-02
-9.335822e-03
-3.522715e-02
-1.517352e-02
1.335735e-02
1.917687e-02
-4.828083e-03
5.924017e-02
-7.466074e-03
2.352989e-02
1.477522e-02
3.065801e-02
-6.100029e-03
2.195240e-02
-1.013557e-02
2.304038e-02
4.287776e-03
-2.298932e-02
-6.508272e-03
3.274711e-02
2.137907e-02
-4.811261e-03
1.117134e-02
2.817056e-03
5.605704e-02
3.808022e-02
6.347077e-03
2.416227e-02
1.491667e-02
4.966453e-02
-4.670678e-03
1.645623e-02
-4.228465e-02
8.303011e-02
2.718026e-02
2.332453e-02
-1.822455e-03
8.536706e-04
8.939489e-02
-4.195454e-03
4.517974e-02
3.240034e-02
2.341008e-02
9.622166e-03
1.580237e-02
3.711812e-02
-1.370812e-02
-4.525561e-02
-4.685976e-02
-6.816904e-02
1.026803e-04
4.263218e-02
-1.519688e-02
1.358471e-02
6.886969e-02
8.279762e-03
5.265836e-02
-4.933889e-03
3.217705e-02
3.231981e-02
3.305192e-02
3.636476e-02
8.277982e-03
-4.371183e-02
1.283709e-03
1.870000e-02
3.766253e-02
-8.735939e-03
3.578827e-02
-8.175032e-04
-1.086994e-02
-3.541050e-02
-2.374439e-03
1.629673e-02
3.084440e-02
-4.884506e-02
1.259834e-02
8.651746e-03
-2.558292e-02
2.411340e-02
1.666639e-02
3.333301e-03
-2.119368e-02
2.417294e-03
5.952278e-02
3.462804e-02
4.277105e-02
1.632415e-03
1.202443e-02
6.183447e-04
-4.287119e-03
6.572270e-02
-2.102058e-02
7.760993e-02
3.316761e-02
-9.881174e-03
2.347237e-02
3.828136e-02
4.521007e-02
-5.877674e-02
4.381042e-02
6.653277e-03
5.854508e-03
5.474536e-02
3.713924e-02
2.530508e-02
8.862424e-03
1.648389e-02
1.722148e-02
2.728820e-02
3.373836e-02
3.406424e-02
-5.340372e-03
1.076185e-03
3.807084e-03
7.730348e-02
5.757050e-03
2.478342e-02
5.617805e-03
2.535611e-02
1.951442e-02
-4.560240e-02
-2.746921e-02
-9.585489e-03
-1.034668e-01
-2.971561e-02
-2.966680e-05
1.709469e-02
-4.249331e-02
6.481364e-03
5.940166e-02
1.780601e-02
4.293943e-02
3.654107e-02
-1.996575e-03
5.871622e-02
1.462335e-02
1.071986e-02
-3.134479e-02
3.095835e-03
1.160838e-02
6.795459e-02
3.412407e-02
2.386466e-02
1.468567e-02
-2.845697e-02
3.271425e-02
1.317346e-02
-1.404601e-02
-4.257723e-02
-4.299249e-03
2.066873e-02
3.457728e-02
2.986139e-02
-2.258429e-03
-3.576215e-03
-6.017822e-02
3.169630e-02
-2.985275e-02
3.574535e-02
3.419394e-02
6.322654e-03
-1.771252e-02
1.251560e-02
5.218481e-02
-3.800689e-02
1.051369e-02
5.297867e-02
1.812492e-02
3.181379e-03
-6.154791e-02
2.851119e-02
4.733148e-04
1.103945e-02
1.681273e-02
8.447797e-04
2.307528e-02
-2.115964e-02
7.655699e-03
-4.932746e-03
6.330798e-02
4.418245e-02
4.808290e-02
-1.369838e-02
4.165303e-02
3.871229e-03
5.559793e-02
2.118960e-02
-1.702564e-02
-2.858562e-02
4.762037e-03
2.088087e-02
-3.908219e-02
-3.035598e-02
-3.856202e-02
1.466692e-02
4.052151e-02
-7.304044e-03
9.025066e-03
4.934669e-02
-4.403784e-04
4.501115e-03
3.769992e-02
1.280302e-02
-5.578847e-02
2.637506e-03
1.031569e-03
2.601301e-02
-1.641648e-02
-3.118452e-02
4.687824e-03
-2.137362e-02
2.665233e-02
1.437225e-02
-4.987552e-02
5.863198e-03
6.010162e-03
7.729714e-03
2.483754e-02
-4.514183e-02
-1.585836e-02
-2.113828e-02
1.543291e-03
1.704468e-03
1.065702e-02
-3.203133e-02
-3.825564e-02
-1.470051e-02
-4.034517e-02
1.739204e-02
-3.393347e-02
-2.581782e-02
9.984519e-03
-5.395766e-02
-1.074595e-02
-2.451259e-02
8.785118e-03
3.665850e-03
2.069620e-02
-2.421860e-02
-5.414983e-03
-1.473215e-02
-7.155760e-02
-1.044998e-02
-4.257990e-02
-1.312778e-02
4.023759e-04
-1.314708e-02
-1.594377e-02
-1.396775e-02
-1.348735e-02
-5.987273e-02
-3.425240e-02
-2.101196e-02
-4.318670e-02
-5.756500e-02
-3.544736e-02
-3.810347e-02
1.017428e-02
-5.730832e-02
1.937414e-02
6.029816e-02
1.861697e-03
-1.880852e-02
-5.959631e-03
1.755165e-02
2.269347e-02
-2.628466e-02
4.333543e-02
-1.321324e-02
1.786629e-02
2.654231e-02
2.483076e-02
3.849333e-02
-1.354530e-02
2.232472e-02
2.416046e-03
2.453468e-02
1.503997e-02
4.907201e-02
1.616589e-02
-1.086726e-02
-5.190017e-03
-2.755531e-03
-2.621952e-02
1.620301e-02
4.922181e-02
2.284868e-03
3.579122e-02
1.976641e-02
-1.841605e-02
6.234616e-03
1.943571e-02
3.890025e-02
2.668675e-03
2.960258e-02
-3.344601e-02
-2.686013e-02
3.477387e-02
-2.426362e-02
9.813565e-03
-3.172497e-04
2.289916e-02
3.474255e-02
1.855576e-02
1.476848e-02
-9.402742e-05
2.519623e-02
1.656901e-02
-2.052095e-02
3.613562e-02
-1.462935e-02
2.339052e-02
3.179752e-03
4.643172e-03
-2.071950e-02
-3.337625e-02
-5.083188e-04
-5.190915e-03
3.537323e-02
-3.944663e-03
3.033911e-02
1.836247e-02
5.172827e-03
-2.575111e-02
2.055972e-02
3.046247e-02
4.496362e-02
3.616947e-02
1.056945e-02
1.954091e-02
3.316048e-02
-4.565248e-02
-4.199915e-02
1.185155e-02
-2.128153e-02
-8.373061e-02
-4.175038e-02
-6.434135e-03
3.514592e-02
-3.754489e-02
-4.320171e-02
-1.366987e-02
-5.847113e-03
-6.681718e-04
-2.978883e-02
-3.007322e-02
-3.387090e-02
6.396200e-02
2.481450e-04
1.242816e-02
4.343650e-02
2.259929e-03
-6.083187e-02
-5.425901e-02
-3.605953e-03
1.338883e-02
-1.338642e-02
-5.103342e-02
-1.002933e-01
5.840829e-03
1.003985e-03
-6.793863e-04
-1.958639e-02
2.468110e-02
1.075353e-02
-4.910833e-02
-2.067663e-02
-9.302307e-04
1.585515e-03
-5.486001e-02
-2.087470e-02
6.262196e-03
7.286971e-03
-8.898510e-03
-2.994016e-02
2.493593e-02
3.891608e-02
7.080723e-03
2.707765e-02
2.052726e-02
-1.209905e-02
3.169221e-02
-5.929691e-02
-4.430448e-03
2.432338e-02
-1.378966e-02
1.618166e-02
-1.656197e-03
-9.741292e-03
-2.843916e-02
-5.904041e-02
-6.694118e-03
1.648478e-02
-1.170158e-02
-7.820014e-02
-2.102913e-02
3.606899e-02
2.091758e-02
2.482885e-02
3.685254e-02
-3.000094e-02
3.536579e-02
5.102087e-02
-4.127149e-02
-3.213047e-02
-4.728288e-02
-3.497229e-02
3.435245e-02
-5.420223e-02
-4.972312e-02
-9.705475e-03
-3.226352e-02
1.872140e-02
-1.095316e-03
-4.368421e-02
-4.459065e-03
-3.024486e-02
1.238787e-02
-3.510223e-03
-4.506872e-02
-4.425840e-02
-1.654731e-02
7.700421e-03
1.596198e-03
-5.575947e-02
-1.066790e-02
-2.275195e-02
1.337979e-02
2.581011e-02
-3.093712e-02
1.063194e-02
1.742904e-02
1.417192e-02
5.149036e-02
-1.213190e-02
7.274346e-03
8.323437e-03
-4.266405e-02
1.425821e-02
1.722630e-02
3.859844e-02
5.941392e-03
2.275195e-03
-2.749855e-02
1.401943e-02
6.116970e-02
-1.029014e-02
2.220469e-02
5.253162e-02
-2.420512e-02
2.164213e-02
5.648807e-03
7.773729e-03
1.150382e-02
8.938524e-03
1.460116e-02
-9.447413e-03
1.201736e-02
2.449899e-02
9.777242e-03
2.216031e-02
-7.356015e-03
4.668535e-02
2.995731e-02
6.298244e-02
2.540523e-02
1.049772e-02
2.514852e-02
2.635056e-02
2.986915e-02
5.793102e-03
5.345898e-02
1.958146e-02
2.438293e-02
2.042226e-02
1.571526e-02
2.472985e-02
1.973953e-02
9.266712e-03
5.806819e-02
2.987108e-02
2.917248e-02
2.905969e-02
1.229598e-02
1.992637e-02
5.392735e-02
3.513700e-02
-2.453796e-03
1.037809e-02
-2.078874e-02
-1.766100e-02
-1.537685e-02
9.268800e-03
-5.825830e-02
-5.650320e-02
-6.157137e-02
-2.082745e-02
-3.771308e-02
1.098825e-02
-5.427613e-02
-4.358291e-03
-2.901785e-02
-4.488989e-02
-2.393858e-02
1.892883e-03
-5.976355e-02
3.477882e-03
7.767823e-04
-4.518463e-02
-1.767366e-02
-1.090937e-02
-5.008320e-02
4.335913e-02
-3.353020e-02
-3.358324e-02
-5.282506e-04
2.845820e-03
-2.127572e-02
1.307067e-02
1.479735e-02
1.121863e-02
-5.711020e-02
1.447390e-02
-2.198664e-02
-5.119516e-02
-1.941792e-02
3.498384e-02
1.171232e-02
-3.889949e-02
3.362580e-03
4.392467e-02
1.826085e-02
-2.617062e-02
-1.332619e-02
1.004881e-02
-2.322133e-02
1.265341e-02
1.582350e-02
-1.773295e-03
1.928104e-02
-3.414199e-03
2.446912e-02
1.265878e-03
1.839515e-02
-4.741186e-02
2.519044e-02
-3.599794e-02
1.475419e-03
6.364512e-02
-1.707194e-02
-5.854670e-03
3.636412e-03
-1.192542e-02
-4.580228e-04
4.717560e-02
-1.445059e-02
2.680506e-02
2.856534e-02
-4.126698e-02
2.689538e-02
6.735238e-02
-1.655521e-02
4.629246e-02
-3.806631e-02
-4.193948e-03
-2.241615e-02
4.505940e-02
1.845055e-02
4.945399e-03
2.846339e-02
-1.805289e-02
-2.012361e-02
-4.013906e-03
1.138056e-02
-1.647039e-02
1.693089e-02
2.785074e-02
2.274830e-02
-1.527270e-02
-1.483241e-02
2.784827e-02
-1.557187e-02
-1.106454e-02
-2.901070e-03
1.913449e-03
4.305629e-02
-1.711116e-02
1.388510e-03
-8.058069e-03
-3.043783e-02
2.585273e-03
2.343084e-02
-1.815646e-02
3.252369e-02
-9.584571e-03
-1.716390e-02
1.253165e-02
2.884898e-02
-2.615659e-02
1.162156e-02
1.769609e-02
1.888278e-03
4.185767e-03
4.462018e-02
-3.661837e-02
3.415575e-02
-2.207298e-03
-3.993233e-02
2.648021e-02
3.745141e-03
3.213108e-02
-1.339295e-02
-1.162411e-02
-1.852345e-02
1.481550e-02
2.304808e-02
6.570619e-03
-4.198019e-02
-4.291067e-02
1.859819e-02
4.505537e-02
1.322302e-02
8.120795e-03
-4.491085e-02
-5.360216e-03
1.038924e-02
1.462572e-02
2.574896e-02
4.144697e-02
7.037039e-03
8.805909e-03
-6.836854e-03
1.353729e-02
-4.356835e-02
-2.513955e-02
-7.641614e-02
1.833875e-02
-2.496710e-02
4.799986e-02
1.195930e-02
-4.204296e-02
-9.606732e-03
-1.609653e-02
-3.305142e-02
2.913969e-02
2.357236e-03
-3.714000e-04
4.601006e-03
1.968782e-03
3.867558e-02
-7.978862e-02
-4.139411e-02
-2.452112e-02
-4.858706e-02
-5.472740e-02
-1.096969e-02
-6.014149e-02
-1.293695e-03
-1.231342e-02
2.727825e-02
-2.818015e-02
3.370541e-02
-1.012141e-02
7.413186e-03
3.668319e-02
2.635383e-03
-5.736706e-03
4.874857e-03
-7.053425e-03
-2.318564e-02
-2.179418e-02
-3.047103e-02
-1.496279e-02
-4.425010e-02
7.120328e-03
-1.058626e-02
-6.145116e-02
-5.772499e-02
-4.559818e-02
-6.193157e-02
-4.573678e-02
1.792158e-03
3.015751e-02
-1.224275e-02
5.918692e-04
1.973052e-02
-3.411520e-02
5.642007e-04
3.466100e-02
2.172762e-02
1.205438e-02
4.045785e-02
6.484026e-03
-3.920799e-03
6.933194e-02
-1.900380e-03
1.058401e-02
-2.555695e-02
5.498726e-02
-5.945604e-02
1.724897e-02
3.239387e-02
-3.215957e-03
1.921454e-02
4.284548e-02
3.648050e-02
1.865233e-02
1.766391e-02
-1.349601e-02
2.319914e-02
2.885684e-02
-3.146258e-02
5.723884e-02
-1.668134e-03
2.383943e-02
3.705478e-02
3.194127e-02
-1.157234e-02
3.413415e-02
5.147387e-02
-3.653286e-02
3.030816e-02
9.990107e-05
-5.020490e-03
4.613076e-02
-3.236753e-02
-2.267673e-02
-1.487951e-03
-8.476478e-03
8.395376e-03
-1.516590e-02
8.368414e-02
-4.031349e-02
-2.785337e-02
2.890695e-02
4.701882e-02
3.888483e-02
4.539024e-02
-3.401784e-02
1.971390e-02
-1.251854e-02
-2.595979e-02
-5.119043e-02
-6.858565e-03
-1.634024e-02
-2.912851e-02
-1.164997e-02
-1.128494e-02
1.002075e-02
1.751450e-02
1.115651e-02
-2.204933e-02
3.513803e-02
2.499825e-02
1.226907e-02
1.761557e-02
-4.817857e-03
1.178221e-02
3.190249e-03
2.925037e-02
-9.747963e-03
-4.661122e-02
3.373293e-02
5.045544e-02
1.559855e-02
1.024842e-02
-5.166641e-03
1.151913e-02
9.778032e-03
-4.929983e-03
2.392528e-02
-2.169786e-02
2.655307e-02
9.229605e-03
-7.401262e-03
1.735095e-02
1.537622e-02
-1.057578e-02
1.338176e-02
2.440910e-02
-6.513267e-03
9.762855e-03
4.026292e-02
5.597684e-03
1.924527e-02
2.581663e-02
-4.743681e-02
-2.483675e-02
1.503616e-02
6.418062e-03
4.059547e-03
1.378728e-02
-2.872253e-02
6.513777e-02
9.245945e-03
5.661816e-02
5.144839e-03
-1.477499e-02
5.006798e-03
2.486489e-02
4.230171e-02
-5.745345e-02
1.494478e-02
2.079599e-02
-1.929308e-02
-4.864783e-02
8.282132e-03
2.835043e-02
-8.502807e-03
-2.222200e-02
3.897917e-02
3.292343e-02
5.223234e-02
-6.459334e-03
-1.300623e-02
1.486106e-02
-1.474318e-02
2.463086e-02
2.352713e-02
6.024980e-02
3.378192e-02
8.720585e-03
2.624795e-02
-1.192960e-02
6.299808e-03
2.888580e-02
9.932636e-03
9.722248e-04
3.441885e-02
-2.629069e-02
1.087401e-03
4.705598e-02
1.750967e-02
-4.639381e-02
7.900036e-03
-2.381479e-02
8.502339e-03
-2.466379e-02
-9.315940e-03
2.095555e-02
-6.756231e-04
1.310123e-02
-4.527561e-03
3.313935e-03
9.606431e-03
4.446557e-02
6.136351e-02
3.350587e-02
2.115495e-02
4.804069e-02
4.943400e-02
-7.443492e-03
4.015889e-03
4.581670e-02
3.147144e-02
2.500639e-02
-5.521141e-02
2.389818e-02
2.510309e-02
3.721150e-02
-3.546432e-02
3.561193e-02
-4.970814e-03
3.316699e-02
4.051709e-02
-1.282649e-03
-2.846068e-02
-1.046606e-03
1.655147e-02
-4.772177e-02
-1.170447e-02
5.453398e-02
-2.502296e-02
6.613019e-02
2.350364e-02
4.742873e-02
3.794762e-02
-2.572434e-02
1.607006e-02
-7.996106e-03
4.176338e-02
8.052858e-03
-7.222191e-03
-1.708019e-02
-1.351207e-02
2.928436e-02
8.967259e-03
-2.482176e-02
1.937728e-02
-1.251514e-02
1.264644e-02
3.211287e-03
5.893383e-02
2.864218e-02
2.292704e-02
1.652453e-02
6.010066e-03
-1.349681e-02
-3.025980e-02
-1.739603e-02
6.377495e-02
5.751054e-03
3.998598e-02
6.005776e-03
-3.737934e-02
2.970578e-02
3.140067e-02
-4.504908e-02
1.997807e-03
-1.893341e-02
6.150765e-02
3.748936e-03
2.943407e-03
-3.233853e-03
-3.305418e-02
3.084927e-02
-3.415097e-02
-2.975696e-02
-1.440776e-02
4.461700e-02
-2.249053e-02
-2.780785e-02
1.951769e-02
3.686902e-02
3.515871e-02
4.478462e-02
2.387069e-02
6.511111e-02
2.649417e-03
-2.570191e-02
1.477259e-02
3.047457e-02
-1.188488e-02
2.583300e-02
1.004307e-03
-1.132379e-02
1.791500e-03
-1.080081e-02
-3.468539e-02
-5.107732e-03
2.137855e-02
-6.929264e-03
1.948906e-02
1.121861e-03
4.022053e-02
2.166488e-02
-3.395109e-02
-3.309697e-02
-2.517693e-02
-5.510691e-02
3.746068e-02
-5.858727e-02
-2.288302e-02
-1.701551e-02
-8.492562e-02
7.753731e-03
-2.567797e-02
4.042342e-02
5.251466e-03
3.319268e-02
1.514088e-02
-9.285600e-02
-1.742807e-02
-1.802088e-02
3.023631e-02
-8.280516e-02
-3.427308e-02
-3.318443e-02
1.732264e-02
1.687250e-02
-1.092498e-02
9.896974e-03
-1.638056e-02
4.008833e-02
1.433537e-02
-1.582155e-02
-6.104905e-02
-8.815195e-02
-1.982392e-02
-4.449059e-02
-4.877244e-02
-9.188445e-03
-3.138685e-02
-1.698707e-02
-3.005360e-02
-4.483168e-02
5.210754e-03
-1.235459e-02
-5.611715e-02
-6.808252e-02
-4.323558e-03
-5.294979e-02
1.087248e-02
3.708520e-02
-4.396480e-02
-5.259904e-02
-4.751644e-02
-8.630659e-02
-2.350812e-02
-1.753228e-02
-3.902792e-02
-5.092208e-02
-4.684538e-02
1.814700e-03
-3.818778e-02
-5.601853e-03
-4.536972e-02
-9.396046e-03
-5.591161e-02
-3.934917e-02
-8.554963e-02
1.626821e-02
-1.210609e-02
-2.094482e-02
-5.804667e-03
1.319883e-03
3.235531e-02
1.270022e-02
-2.227819e-02
-3.397796e-02
-8.810586e-03
-6.444164e-02
1.677170e-02
-2.392670e-02
-1.813595e-02
-1.099356e-01
-4.630697e-02
-2.712222e-02
-1.296160e-02
-2.759200e-02
-2.473795e-02
1.808152e-03
-1.347205e-02
-3.646546e-02
-5.282614e-04
-1.251412e-02
3.762212e-03
-3.445909e-02
-6.505252e-02
-6.204963e-02
3.239876e-03
5.395741e-03
-3.650659e-02
3.046800e-02
-1.645405e-02
-3.687710e-02
-8.762822e-03
8.548232e-03
1.179819e-02
1.397978e-02
-3.790111e-02
3.624787e-02
-5.136993e-02
-5.407414e-02
-3.731293e-03
-3.603252e-02
-6.647288e-02
-3.852341e-02
-1.900628e-02
3.241812e-04
-1.393793e-03
-5.469001e-02
2.190091e-02
-1.749410e-02
-4.565214e-02
-3.005000e-02
-4.869731e-03
-1.301554e-02
4.596501e-02
-4.474235e-02
1.319767e-04
7.252460e-03
-8.225896e-02
-2.250694e-03
-1.626226e-02
-1.641628e-02
-4.930819e-04
-1.087579e-02
-1.930277e-02
-3.152026e-02
1.860923e-02
-1.450993e-02
-3.855331e-03
-2.777689e-02
-8.183626e-02
-5.115920e-02
-2.524930e-03
-4.839451e-02
-5.834550e-02
-4.932822e-03
-5.538911e-02
1.583525e-02
-3.536181e-02
3.496834e-02
-6.310484e-02
-3.000098e-02
-3.981331e-02
-2.965101e-02
-4.727768e-02
-3.668309e-02
-2.635444e-02
-4.948256e-02
-6.249325e-02
7.185779e-03
-5.633856e-02
9.657700e-03
-2.390265e-02
-3.833507e-02
-5.042236e-02
-1.182407e-02
1.972042e-02
1.308134e-02
-3.980200e-02
-6.674601e-02
-3.584677e-02
-1.118820e-02
-4.684837e-05
-5.832172e-02
-6.855083e-02
-6.818462e-02
-3.892340e-03
8.642653e-03
-2.346776e-02
-2.959412e-02
-6.229077e-02
-3.844275e-03
-2.298466e-02
-1.290050e-02
-3.216499e-02
-7.036931e-02
-5.939420e-03
-1.397789e-02
-1.945351e-02
-2.160845e-02
-3.293802e-04
1.288183e-02
-2.041046e-02
3.740744e-03
-6.148301e-02
-1.172511e-01
-2.600013e-02
-6.158606e-02
-5.874890e-03
-2.439572e-02
-1.267281e-02
-1.185300e-02
1.448758e-03
-6.995117e-02
2.990503e-04
-3.182669e-02
-2.758184e-02
5.976334e-03
-2.418026e-02
-3.903738e-02
-8.021934e-02
-6.918154e-02
-2.247799e-02
-5.771763e-02
-3.524774e-02
-9.207294e-02
-2.391403e-02
2.453089e-02
-8.525875e-03
2.546222e-02
6.692379e-03
-4.061819e-02
-4.310600e-02
-5.219907e-02
-5.980554e-02
-5.390278e-02
-2.816124e-02
3.812883e-03
1.513637e-02
6.122031e-03
-3.960840e-03
-2.897576e-02
-3.093822e-02
-2.238270e-02
2.181397e-02
-2.376534e-02
-9.926131e-03
-2.093381e-02
-2.724257e-02
-2.311006e-02
-4.500066e-02
-5.501268e-02
-3.698850e-02
-1.537196e-02
3.007948e-03
-1.767528e-02
-1.963772e-02
-9.038725e-03
-4.384271e-02
-3.635064e-02
-3.552485e-02
-2.643262e-02
-2.116687e-02
-8.226721e-02
1.545796e-02
1.071485e-02
-6.651999e-02
-2.715740e-03
-4.395822e-02
-5.781449e-02
-2.026687e-02
3.172257e-02
-1.653535e-02
-5.753539e-02
-6.877238e-04
-4.724981e-02
9.827479e-03
-5.595516e-02
-4.094910e-02
-2.658500e-02
1.481452e-02
1.227529e-02
1.383450e-02
1.345299e-03
-1.831652e-02
-2.544354e-02
-1.458446e-03
-1.131916e-02
-4.015506e-02
-8.741230e-03
-4.414197e-03
-4.075402e-02
1.236438e-02
-2.743967e-02
-4.815980e-02
-1.222646e-02
-1.642698e-02
-4.125890e-02
-3.034361e-02
-1.761031e-02
3.179978e-02
-4.218849e-02
-2.726952e-02
-4.267346e-02
-3.298999e-02
-2.262767e-02
-2.480405e-02
-4.404380e-02
-3.160272e-02
-2.889902e-02
-5.959472e-03
-3.204721e-03
-2.291961e-02
2.621827e-02
3.158607e-02
-2.749224e-02
1.084227e-02
1.122867e-02
-3.157790e-02
-1.359732e-02
-3.393072e-02
-2.602203e-02
4.203246e-02
8.293322e-03
-1.129849e-02
-3.389559e-02
7.910334e-02
5.540752e-02
-3.674588e-02
1.299450e-02
-3.449663e-03
-5.052394e-03
-5.139506e-03
6.179356e-03
3.272471e-02
-2.067681e-02
3.266418e-02
3.262329e-02
1.351140e-02
4.185175e-02
-2.461809e-02
9.154649e-03
3.928869e-02
9.450245e-02
-5.138170e-02
-9.411918e-03
-1.335048e-02
-1.539130e-02
2.358410e-02
-5.566718e-02
-9.327062e-03
1.976443e-03
-7.650799e-05
8.186251e-02
-1.316922e-02
3.947740e-02
3.482519e-02
-2.214250e-02
-4.368091e-03
3.954011e-02
3.294577e-02
6.478928e-02
2.120483e-02
8.505805e-03
2.893326e-03
3.806822e-03
3.400168e-02
9.030300e-04
2.079169e-02
3.836994e-02
2.948970e-02
2.313252e-02
3.521888e-02
-8.398864e-03
-8.360496e-03
6.390798e-02
2.460650e-02
-6.516310e-03
1.373545e-02
4.392561e-02
7.610611e-02
2.788913e-02
5.246549e-02
-8.805642e-03
6.450934e-03
2.906705e-02
-3.359616e-03
5.704487e-02
1.052244e-02
-7.446469e-03
-2.587346e-02
-3.102410e-03
-1.299053e-02
6.693899e-02
2.516448e-02
-4.587632e-03
-8.380996e-03
2.182974e-02
1.608919e-03
-9.291528e-03
6.255944e-03
1.956247e-02
6.012456e-02
-4.410639e-02
8.297875e-03
-5.808727e-02
3.716712e-03
4.898624e-02
-2.123591e-02
5.246839e-02
-1.381280e-03
-1.836306e-02
1.126092e-02
2.339599e-02
2.261015e-02
1.831838e-02
2.905865e-02
4.133540e-04
-3.229278e-02
-1.750527e-02
2.211301e-02
-5.933471e-03
5.203005e-02
5.165882e-02
3.192028e-02
2.524587e-02
2.459318e-02
2.571947e-02
1.610188e-02
-2.283937e-02
2.703363e-02
9.953707e-05
1.006072e-02
-1.259204e-02
-4.011791e-03
3.099786e-02
3.445216e-02
-1.535807e-04
4.247557e-02
4.575159e-02
3.661979e-02
1.322660e-02
3.909452e-02
1.659016e-02
-2.862397e-02
-2.485920e-02
-3.085602e-02
-1.259287e-02
3.511707e-02
4.157533e-03
-3.595332e-02
-9.321645e-03
1.544020e-02
2.542621e-03
-4.702845e-03
-2.646174e-02
-2.682060e-02
-2.333097e-02
-2.178042e-02
2.363263e-03
1.791663e-02
2.597736e-02
1.537082e-02
-2.190278e-03
-2.523396e-02
-2.310921e-02
2.269725e-02
8.062593e-03
-4.039242e-02
-6.462198e-02
-1.128648e-02
-4.854900e-02
-3.446665e-02
-4.686251e-02
1.647597e-02
-1.074000e-03
-3.732465e-02
8.959896e-03
1.070538e-02
-1.404533e-02
-1.930775e-02
-3.712993e-02
-3.992341e-03
-5.554852e-03
7.745767e-03
-1.487706e-02
-1.580656e-02
5.739805e-03
-3.926892e-02
-2.131127e-02
-4.396591e-02
-1.626256e-02
1.608701e-02
-7.354364e-03
1.202596e-03
1.009303e-02
-2.219025e-02
-2.750539e-02
-1.609610e-02
-2.661237e-03
-1.235506e-02
-2.207109e-02
-6.534165e-02
-1.873173e-02
3.701668e-02
1.239895e-02
-1.953757e-02
-1.641539e-02
-4.301711e-02
-1.179684e-02
2.323545e-02
-2.919006e-02
-1.891083e-02
-5.399623e-03
3.156876e-02
2.737116e-02
-3.716995e-02
-2.168845e-02
-1.504895e-02
7.159132e-03
-6.159961e-02
2.043367e-02
2.716978e-03
-3.787534e-03
-8.525882e-03
2.633539e-02
-2.182525e-02
-8.146835e-03
2.411209e-02
-1.158360e-03
-1.074352e-02
-5.157535e-02
2.321608e-03
-4.232324e-02
1.478839e-02
-3.437932e-02
7.107085e-03
-1.126890e-02
-2.792316e-03
4.236408e-02
1.349418e-02
5.650693e-02
-1.788715e-02
-9.786647e-03
1.754635e-02
7.334837e-02
3.681260e-02
3.848432e-02
1.995202e-03
7.757562e-02
6.284280e-02
1.329799e-02
5.303575e-03
3.293547e-02
3.769279e-02
-2.714903e-02
1.560223e-02
-1.673368e-02
6.897557e-03
-2.463480e-03
1.352223e-02
9.720906e-03
3.585480e-03
-1.106830e-02
3.483109e-02
-1.384062e-02
1.581232e-02
5.966698e-02
5.859776e-02
3.050339e-02
-2.994172e-03
-1.196723e-02
-1.647857e-02
3.123251e-02
2.296058e-02
2.046113e-02
2.148238e-02
-3.652866e-02
1.442153e-02
4.857572e-03
-2.770844e-02
2.368114e-02
-4.687008e-02
4.227218e-02
2.368861e-02
-4.308744e-02
-2.355356e-02
-3.434203e-03
3.332243e-02
1.374290e-02
-4.980567e-02
3.850182e-03
-6.774608e-04
-1.488075e-02
-2.631723e-02
-8.028929e-03
-4.296638e-02
-5.238732e-02
-3.563381e-02
-2.896850e-02
3.392839e-03
-3.745057e-03
-2.739176e-02
2.381501e-03
-2.155464e-02
-3.703456e-02
-2.786417e-02
-3.729189e-02
-8.326060e-04
-1.629076e-02
2.816461e-02
-4.365069e-03
-3.721793e-02
2.133715e-03
9.438808e-03
-6.585203e-02
-2.249146e-02
-1.042299e-03
-1.271331e-02
-6.846191e-02
-1.811567e-02
-3.635922e-02
2.733510e-02
-5.580046e-02
-3.874645e-02
3.030812e-02
-1.994640e-02
2.485861e-03
1.085028e-02
1.168795e-02
4.566950e-02
-1.667482e-02
-8.466885e-03
-1.342673e-02
1.170387e-02
-1.405963e-02
-4.983259e-02
-3.779799e-02
-2.532881e-03
2.338425e-02
-7.175103e-02
-8.366313e-03
-4.315390e-02
-2.921083e-02
3.302809e-03
6.004387e-02
-8.173256e-02
-1.135499e-02
-1.948291e-02
2.802858e-02
-8.140145e-03
2.605888e-02
5.153186e-02
1.912521e-02
3.078902e-03
-8.707807e-03
2.043360e-02
1.632198e-02
-5.988856e-03
-3.860081e-02
4.619791e-02
-8.310684e-03
1.204023e-02
2.055775e-03
1.544596e-03
-6.473790e-02
2.325016e-04
1.591626e-02
1.997083e-04
-2.214083e-02
-6.749634e-04
-1.467678e-03
2.737082e-02
3.324840e-02
-5.763388e-02
-4.421352e-03
-1.903122e-02
NA
NA
NA
NA
NA
NA
NA
NA
NA
NA
NA
NA
NA
NA
NA
NA
NA
NA
NA
NA
NA
NA
NA
NA
NA
NA
NA
NA
NA
NA
NA
NA
NA
NA
NA
NA
NA
NA
NA
NA
NA
NA
NA
NA
NA
NA
NA
NA
NA
NA
NA
NA
NA
NA
NA
NA
NA
NA
NA
NA
NA
NA
NA
NA
NA
NA
NA
NA
NA
NA
NA
NA
NA
NA
NA
NA
NA
NA
NA
NA
NA
NA
NA
NA
NA
NA
NA
NA
NA
NA
NA
NA
NA
NA
NA
NA
NA
NA
NA
NA
NA
NA
NA
NA
NA
NA
NA
NA
NA
NA
NA
NA
NA
NA
NA
NA
NA
NA
NA
NA
NA
NA
NA
NA
NA
NA
NA
NA
NA
NA
NA
NA
NA
NA
NA
NA
NA
NA
NA
NA
NA
NA
NA
NA
NA
NA
NA
NA
NA
NA
NA
NA
NA
NA
NA
NA
NA
NA
NA
NA
NA
NA
NA
NA
NA
NA
NA
NA
NA
NA
NA
NA
NA
NA
NA
NA
NA
NA
NA
NA
NA
NA
NA
NA
NA
NA
NA
NA
NA
NA
NA
NA
NA
NA
NA
NA
NA
NA
NA
NA
NA
NA
NA
NA
NA
NA
NA
NA
NA
NA
NA
NA
NA
NA
NA
NA
NA
NA
NA
NA
NA
NA
NA
NA
NA
NA
NA
NA
NA
NA
NA
NA
NA
NA
NA
NA
NA
NA
NA
NA
NA
NA
NA
NA
NA
NA
NA
NA
NA
NA
NA
NA
NA
NA
NA
NA
NA
NA
NA
NA
NA
NA
NA
NA
NA
NA
NA
NA
NA
NA
NA
NA
NA
NA
NA
NA
NA
NA
NA
NA
NA
NA
NA
NA
NA
NA
NA
NA
NA
NA
NA
NA
NA
NA
NA
NA
NA
NA
NA
NA
NA
NA
NA
NA
NA
NA
NA
NA
NA
NA
NA
NA
NA
NA
NA
NA
NA
NA
NA
NA
NA
NA
NA
NA
NA
NA
NA
NA
NA
NA
NA
NA
NA
NA
NA
NA
NA
NA
NA
NA
NA
NA
NA
NA
NA
NA
NA
NA
NA
NA
NA
NA
NA
NA
NA
NA
NA
NA
NA
NA
NA
NA
NA
NA
NA
NA
NA
NA
NA
NA
NA
NA
NA
NA
NA
NA
NA
NA
NA
NA
NA
NA
NA
NA
NA
NA
NA
NA
NA
NA
NA
NA
NA
NA
NA
NA
NA
NA
NA
NA
NA
NA
NA
NA
NA
NA
NA
NA
NA
NA
NA
NA
NA
NA
NA
NA
NA
NA
NA
NA
NA
NA
NA
NA
NA
NA
NA
NA
NA
NA
NA
NA
NA
NA
NA
NA
NA
NA
NA
NA
NA
NA
NA
NA
NA
NA
NA
NA
NA
NA
NA
NA
NA
NA
NA
NA
NA
NA
NA
NA
NA
NA
NA
NA
NA
NA
NA
NA
NA
NA
NA
NA
NA
NA
NA
NA
NA
NA
NA
NA
NA
NA
NA
NA
NA
NA
NA
NA
NA
NA
NA
NA
NA
NA
NA
NA
NA
NA
NA
NA
NA
NA
NA
NA
NA
NA
NA
NA
NA
NA
