chr	rs	ps	n_miss	allele1	allele0	af	beta	se	logl_H1	l_remle	p_wald
-9	95395646	-9	0	A	G	0.086	1.709160e-02	6.351036e-02	-3.179832e+03	3.565617e+00	7.878629e-01
-9	67487476	-9	0	A	G	0.120	3.531536e-02	6.109743e-02	-3.179577e+03	3.578668e+00	5.633037e-01
-9	40165581	-9	0	A	G	0.279	6.733107e-02	5.550738e-02	-3.178752e+03	3.540659e+00	2.252381e-01
-9	71716087	-9	0	A	G	0.298	-6.586708e-02	6.811063e-02	-3.178758e+03	3.557834e+00	3.336057e-01
-9	9387199	-9	0	A	G	0.514	1.098541e-01	5.477008e-02	-3.177356e+03	3.540124e+00	4.499041e-02
-9	213151889	-9	0	A	G	0.724	-1.986070e-01	6.224377e-02	-3.174324e+03	3.488044e+00	1.436090e-03
-9	183727105	-9	0	A	G	0.467	-2.212373e-02	1.126359e-01	-3.178644e+03	3.572962e+00	8.442986e-01
-9	158581539	-9	0	A	G	0.546	-9.690064e-02	3.767437e-02	-3.176479e+03	3.552623e+00	1.016584e-02
-9	172415536	-9	0	A	G	0.089	1.321414e-01	4.929517e-02	-3.176557e+03	3.543056e+00	7.396069e-03
-9	74975087	-9	0	A	G	0.205	-9.668014e-02	5.038151e-02	-3.177852e+03	3.546029e+00	5.510095e-02
-9	158619830	-9	0	A	G	0.321	-1.398125e-02	7.890602e-02	-3.179114e+03	3.571731e+00	8.593743e-01
-9	175368763	-9	0	A	G	0.054	7.030671e-03	1.025926e-01	-3.179596e+03	3.568981e+00	9.453691e-01
-9	43861680	-9	0	A	G	0.259	-1.908113e-01	5.776041e-02	-3.174053e+03	3.473592e+00	9.680882e-04
-9	95316446	-9	0	A	G	0.324	-5.971203e-02	4.465852e-02	-3.178806e+03	3.562685e+00	1.813158e-01
-9	173424915	-9	0	A	G	0.602	-5.902778e-02	4.732295e-02	-3.178788e+03	3.560752e+00	2.123878e-01
-9	183781761	-9	0	A	G	0.189	-9.924103e-03	8.626438e-02	-3.179151e+03	3.569266e+00	9.084202e-01
-9	183661661	-9	0	A	G	0.262	-4.260094e-02	7.510188e-02	-3.179077e+03	3.569248e+00	5.705998e-01
-9	175678212	-9	0	A	G	0.549	1.378109e-02	4.610390e-02	-3.179544e+03	3.562131e+00	7.650303e-01
-9	68285014	-9	0	A	G	0.405	8.509005e-02	6.556856e-02	-3.178327e+03	3.570837e+00	1.944989e-01
-9	183708197	-9	0	A	G	0.498	3.646202e-02	1.028255e-01	-3.178711e+03	3.564557e+00	7.229180e-01
-9	173386981	-9	0	A	G	0.085	6.168966e-03	5.055867e-02	-3.180067e+03	3.558809e+00	9.028960e-01
-9	71555822	-9	0	A	G	0.059	8.607889e-02	8.008040e-02	-3.179164e+03	3.571434e+00	2.825187e-01
-9	247063506	-9	0	A	G	0.060	7.239536e-02	1.043383e-01	-3.179261e+03	3.558658e+00	4.878381e-01
-9	35456473	-9	0	A	G	0.163	-6.001247e-02	5.211956e-02	-3.179077e+03	3.567597e+00	2.496600e-01
-9	175706460	-9	0	A	G	0.210	-1.230890e-01	5.364279e-02	-3.176998e+03	3.538069e+00	2.183681e-02
-9	68170060	-9	0	A	G	0.275	-9.169954e-02	4.827064e-02	-3.177883e+03	3.530154e+00	5.758596e-02
-9	40850195	-9	0	A	G	0.563	1.071345e-01	3.737781e-02	-3.175727e+03	3.520586e+00	4.187642e-03
-9	167381086	-9	0	A	G	0.507	-4.032990e-03	5.446705e-02	-3.179366e+03	3.566071e+00	9.409807e-01
-9	188494280	-9	0	A	G	0.380	7.238925e-02	8.057529e-02	-3.178655e+03	3.556128e+00	3.690546e-01
-9	71573240	-9	0	A	G	0.097	1.533971e-01	5.373627e-02	-3.175901e+03	3.524975e+00	4.343583e-03
-9	50556856	-9	0	A	G	0.057	3.687054e-02	8.098003e-02	-3.179639e+03	3.559779e+00	6.489293e-01
-9	40018386	-9	0	A	G	0.174	4.756214e-03	7.883026e-02	-3.179339e+03	3.568846e+00	9.518937e-01
-9	175650696	-9	0	A	G	0.488	-1.446926e-01	3.705820e-02	-3.172165e+03	3.528867e+00	9.688635e-05
-9	113488304	-9	0	A	G	0.224	6.201366e-02	6.989138e-02	-3.178870e+03	3.574647e+00	3.750086e-01
-9	183647970	-9	0	A	G	0.370	6.140306e-02	9.243547e-02	-3.178731e+03	3.570131e+00	5.065711e-01
-9	183387388	-9	0	A	G	0.272	1.848777e-01	5.009789e-02	-3.172917e+03	3.428787e+00	2.286610e-04
-9	68249674	-9	0	A	G	0.053	-2.308142e-02	6.620309e-02	-3.179946e+03	3.566640e+00	7.273842e-01
-9	156701677	-9	0	A	G	0.245	-2.014786e-03	3.321762e-02	-3.180034e+03	3.562695e+00	9.516394e-01
-9	46632376	-9	0	A	G	0.815	1.100216e-01	5.276884e-02	-3.177498e+03	3.553548e+00	3.717127e-02
-9	50558188	-9	0	A	G	0.059	7.894237e-02	9.048117e-02	-3.179319e+03	3.552712e+00	3.830327e-01
-9	78747375	-9	0	A	G	0.908	-4.068461e-01	1.175632e-01	-3.173286e+03	3.463543e+00	5.477277e-04
-9	67481342	-9	0	A	G	0.922	-8.515792e-02	7.714941e-02	-3.179010e+03	3.547803e+00	2.697820e-01
-9	43911633	-9	0	A	G	0.534	7.894043e-02	4.520393e-02	-3.177974e+03	3.486448e+00	8.087629e-02
-9	78734299	-9	0	A	G	0.909	-4.104183e-01	1.182197e-01	-3.173247e+03	3.461668e+00	5.258726e-04
-9	40814979	-9	0	A	G	0.181	-1.242228e-01	5.533068e-02	-3.177164e+03	3.552900e+00	2.484740e-02
-9	158601075	-9	0	A	G	0.443	1.023739e-01	7.884751e-02	-3.178219e+03	3.542417e+00	1.942751e-01
-9	33310840	-9	0	A	G	0.724	4.025757e-02	5.716421e-02	-3.179222e+03	3.573558e+00	4.813451e-01
-9	175629879	-9	0	A	G	0.050	-1.318627e-01	7.955685e-02	-3.178535e+03	3.551465e+00	9.754862e-02
-9	183632336	-9	0	A	G	0.110	1.433860e-01	1.739399e-01	-3.178385e+03	3.561551e+00	4.098222e-01
-9	68197689	-9	0	A	G	0.143	4.071861e-02	6.198561e-02	-3.179434e+03	3.559622e+00	5.113018e-01
-9	100321709	-9	0	A	G	0.306	1.820837e-01	4.629879e-02	-3.171856e+03	3.506537e+00	8.620588e-05
-9	40855741	-9	0	A	G	0.225	2.166006e-02	6.315481e-02	-3.179354e+03	3.560324e+00	7.316510e-01
-9	156758158	-9	0	A	G	0.134	-1.231137e-01	6.089921e-02	-3.177673e+03	3.555072e+00	4.332236e-02
-9	183684556	-9	0	A	G	0.468	-6.155198e-02	9.671072e-02	-3.178613e+03	3.572726e+00	5.245374e-01
-9	56404565	-9	0	A	G	0.053	-1.210228e-01	5.791132e-02	-3.177998e+03	3.559674e+00	3.673515e-02
-9	247012922	-9	0	A	G	0.083	-1.292340e-01	7.183893e-02	-3.178112e+03	3.557207e+00	7.214644e-02
-9	67517189	-9	0	A	G	0.079	-1.978783e-01	8.399037e-02	-3.176830e+03	3.538309e+00	1.855012e-02
-9	160101014	-9	0	A	G	0.105	-1.467258e-01	5.320039e-02	-3.176166e+03	3.538842e+00	5.857459e-03
-9	156733664	-9	0	A	G	0.963	9.886995e-02	7.981278e-02	-3.179250e+03	3.564136e+00	2.155436e-01
-9	100356906	-9	0	A	G	0.080	-6.094446e-02	6.904135e-02	-3.179424e+03	3.575551e+00	3.774687e-01
-9	32398420	-9	0	A	G	0.074	-5.812968e-02	6.037399e-02	-3.179477e+03	3.548272e+00	3.357260e-01
-9	183296575	-9	0	A	G	0.485	4.029802e-01	6.445293e-02	-3.160877e+03	3.055787e+00	4.727129e-10
-9	243299065	-9	0	A	G	0.456	5.990407e-02	5.573157e-02	-3.178788e+03	3.578221e+00	2.825358e-01
-9	183611903	-9	0	A	G	0.404	3.551028e-02	9.515027e-02	-3.178799e+03	3.570831e+00	7.090291e-01
-9	183647268	-9	0	A	G	0.110	1.406043e-01	1.777294e-01	-3.178391e+03	3.565044e+00	4.289509e-01
-9	175414954	-9	0	A	G	0.098	2.891226e-03	6.152168e-02	-3.179846e+03	3.564821e+00	9.625207e-01
-9	74940975	-9	0	A	G	0.317	-7.839106e-02	1.006028e-01	-3.178473e+03	3.580290e+00	4.359263e-01
-9	115627806	-9	0	A	G	0.836	-1.151154e-01	4.765559e-02	-3.176881e+03	3.519661e+00	1.578060e-02
-9	167308128	-9	0	A	G	0.086	-7.470380e-02	9.723934e-02	-3.179051e+03	3.561437e+00	4.424119e-01
-9	71668470	-9	0	A	G	0.283	-6.936968e-02	7.216707e-02	-3.178738e+03	3.558145e+00	3.365242e-01
-9	78808260	-9	0	A	G	0.253	-1.254508e-01	5.465517e-02	-3.176939e+03	3.564845e+00	2.179608e-02
-9	247090183	-9	0	A	G	0.331	1.902248e-01	7.206304e-02	-3.175693e+03	3.487286e+00	8.348589e-03
-9	43900945	-9	0	A	G	0.484	1.910750e-01	6.117890e-02	-3.174421e+03	3.440581e+00	1.808962e-03
-9	67479501	-9	0	A	G	0.866	-1.274867e-02	5.859832e-02	-3.179698e+03	3.562292e+00	8.277891e-01
-9	115599727	-9	0	A	G	0.813	-7.007377e-02	5.766099e-02	-3.178746e+03	3.537901e+00	2.243752e-01
-9	188486593	-9	0	A	G	0.257	-1.692673e-02	7.894297e-02	-3.179170e+03	3.568787e+00	8.302389e-01
-9	213163779	-9	0	A	G	0.724	-2.026499e-01	6.281053e-02	-3.174200e+03	3.493448e+00	1.269610e-03
-9	78697398	-9	0	A	G	0.169	-2.608238e-02	4.875266e-02	-3.179677e+03	3.562987e+00	5.927007e-01
-9	238045905	-9	0	A	G	0.919	-1.733625e-01	5.329926e-02	-3.174772e+03	3.498163e+00	1.158381e-03
-9	50591580	-9	0	A	G	0.055	7.737861e-02	8.293490e-02	-3.179296e+03	3.558517e+00	3.509063e-01
-9	180923962	-9	0	A	G	0.066	-1.745134e-01	6.342300e-02	-3.176165e+03	3.517168e+00	5.972871e-03
-9	40008370	-9	0	A	G	0.192	1.228724e-01	5.050789e-02	-3.176787e+03	3.569392e+00	1.505362e-02
-9	247002644	-9	0	A	G	0.050	-2.570623e-02	8.427973e-02	-3.179797e+03	3.564244e+00	7.603828e-01
-9	46553679	-9	0	A	G	0.227	7.866719e-02	5.723972e-02	-3.178577e+03	3.566895e+00	1.694552e-01
-9	175381288	-9	0	A	G	0.691	-7.511306e-02	7.713999e-02	-3.178698e+03	3.572179e+00	3.302861e-01
-9	71772696	-9	0	A	G	0.742	4.033388e-02	8.366944e-02	-3.178941e+03	3.569607e+00	6.298031e-01
-9	151338378	-9	0	A	G	0.647	-7.664387e-02	3.276007e-02	-3.177265e+03	3.523183e+00	1.938382e-02
-9	78708274	-9	0	A	G	0.569	2.782449e-02	5.700222e-02	-3.179264e+03	3.570235e+00	6.254998e-01
-9	67506030	-9	0	A	G	0.308	-2.250171e-01	6.053356e-02	-3.172566e+03	3.456887e+00	2.057611e-04
-9	167278236	-9	0	A	G	0.656	9.295739e-02	8.178423e-02	-3.178351e+03	3.562463e+00	2.558052e-01
-9	71827950	-9	0	A	G	0.473	-5.007225e-02	6.172709e-02	-3.178966e+03	3.564167e+00	4.173338e-01
-9	160088462	-9	0	A	G	0.186	1.100361e-01	4.551381e-02	-3.176931e+03	3.528598e+00	1.569124e-02
-9	247049024	-9	0	A	G	0.311	6.557627e-02	9.605000e-02	-3.178640e+03	3.570738e+00	4.948392e-01
-9	78780801	-9	0	A	G	0.094	-2.112710e-02	6.618408e-02	-3.179725e+03	3.562834e+00	7.495880e-01
-9	246272871	-9	0	A	G	0.429	-2.323801e-01	4.732019e-02	-3.167801e+03	3.290752e+00	9.644712e-07
-9	74967967	-9	0	A	G	0.312	1.134055e-01	8.276626e-02	-3.178034e+03	3.589494e+00	1.707484e-01
-9	113487555	-9	0	A	G	0.139	1.019962e-01	4.704274e-02	-3.177590e+03	3.565429e+00	3.023880e-02
-9	67891643	-9	0	A	G	0.308	-2.487588e-02	5.980084e-02	-3.179351e+03	3.565863e+00	6.774606e-01
-9	68168910	-9	0	A	G	0.075	-2.525445e-02	6.939662e-02	-3.179782e+03	3.562515e+00	7.159519e-01
-9	67477938	-9	0	A	G	0.976	-1.416254e-01	1.013690e-01	-3.179015e+03	3.540388e+00	1.624970e-01
-9	40868145	-9	0	A	G	0.242	-1.423657e-01	6.528061e-02	-3.177046e+03	3.519204e+00	2.928753e-02
-9	68271991	-9	0	A	G	0.544	4.980125e-02	4.814671e-02	-3.178980e+03	3.550488e+00	3.010641e-01
-9	183829875	-9	0	A	G	0.209	-6.076834e-02	5.332869e-02	-3.179001e+03	3.567200e+00	2.545995e-01
-9	247061539	-9	0	A	G	0.311	5.761555e-02	9.556864e-02	-3.178696e+03	3.570814e+00	5.466483e-01
-9	183295771	-9	0	A	G	0.485	4.166818e-01	6.490733e-02	-3.159783e+03	3.065854e+00	1.623838e-10
-9	78789662	-9	0	A	G	0.196	-2.442300e-02	6.298709e-02	-3.179357e+03	3.569574e+00	6.982363e-01
-9	68260207	-9	0	A	G	0.137	8.240190e-02	7.174658e-02	-3.178854e+03	3.549391e+00	2.508646e-01
-9	206136350	-9	0	A	G	0.218	-1.687025e-02	3.704089e-02	-3.179844e+03	3.561840e+00	6.488249e-01
-9	183657465	-9	0	A	G	0.091	2.779158e-01	1.343137e-01	-3.176954e+03	3.533050e+00	3.863233e-02
-9	71748720	-9	0	A	G	0.090	7.128537e-02	1.147674e-01	-3.179057e+03	3.553665e+00	5.345702e-01
-9	33304459	-9	0	A	G	0.470	-8.222998e-02	5.088713e-02	-3.178168e+03	3.576470e+00	1.062336e-01
-9	167200272	-9	0	A	G	0.510	-8.169637e-02	4.670273e-02	-3.177994e+03	3.535081e+00	8.036233e-02
-9	175693895	-9	0	A	G	0.754	4.379810e-02	4.903824e-02	-3.179258e+03	3.570796e+00	3.718657e-01
-9	33295600	-9	0	A	G	0.538	-4.655008e-02	4.420490e-02	-3.179066e+03	3.567206e+00	2.924169e-01
-9	71815739	-9	0	A	G	0.697	-4.028289e-02	4.369334e-02	-3.179302e+03	3.576013e+00	3.566443e-01
-9	46584983	-9	0	A	G	0.249	2.392701e-03	7.214458e-02	-3.179315e+03	3.569299e+00	9.735453e-01
-9	222736606	-9	0	A	G	0.180	-1.618015e-02	3.619032e-02	-3.179959e+03	3.564920e+00	6.548517e-01
-9	172408605	-9	0	A	G	0.052	-1.732220e-01	6.370932e-02	-3.176411e+03	3.545084e+00	6.593541e-03
-9	46540358	-9	0	A	G	0.070	-7.965170e-02	4.861409e-02	-3.178861e+03	3.547884e+00	1.014516e-01
-9	183873265	-9	0	A	G	0.138	7.146590e-02	3.555554e-02	-3.178219e+03	3.565021e+00	4.453868e-02
-9	78716909	-9	0	A	G	0.886	-1.831446e-02	6.331355e-02	-3.179701e+03	3.560684e+00	7.724014e-01
-9	40213825	-9	0	A	G	0.067	1.540835e-01	1.462063e-01	-3.178545e+03	3.561597e+00	2.920391e-01
-9	247082406	-9	0	A	G	0.079	1.652052e-01	9.706318e-02	-3.177999e+03	3.542651e+00	8.887032e-02
-9	175545812	-9	0	A	G	0.058	-3.093982e-02	8.808432e-02	-3.179633e+03	3.562841e+00	7.254281e-01
-9	183667903	-9	0	A	G	0.094	2.783997e-01	1.640860e-01	-3.177441e+03	3.547191e+00	8.988154e-02
-9	52875152	-9	0	A	G	0.353	-5.982939e-02	5.046946e-02	-3.178782e+03	3.555458e+00	2.359473e-01
-9	53228159	-9	0	A	G	0.229	-1.693330e-01	7.535277e-02	-3.176713e+03	3.533386e+00	2.471239e-02
-9	247019854	-9	0	A	G	0.114	7.595069e-02	6.130923e-02	-3.179070e+03	3.565292e+00	2.155288e-01
-9	71625235	-9	0	A	G	0.246	1.315867e-02	6.391811e-02	-3.179347e+03	3.569058e+00	8.369107e-01
-9	40009707	-9	0	A	G	0.151	4.777586e-03	7.659381e-02	-3.179424e+03	3.566641e+00	9.502686e-01
-9	95418958	-9	0	A	G	0.222	8.996334e-02	4.872935e-02	-3.178037e+03	3.526218e+00	6.498151e-02
-9	67516782	-9	0	A	G	0.311	-1.520960e-01	6.079625e-02	-3.176315e+03	3.470684e+00	1.242100e-02
-9	188505292	-9	0	A	G	0.229	-4.458832e-02	4.675271e-02	-3.179280e+03	3.559990e+00	3.403233e-01
-9	175523223	-9	0	A	G	0.635	4.414794e-02	5.915302e-02	-3.179095e+03	3.568701e+00	4.555342e-01
-9	71763223	-9	0	A	G	0.464	1.067920e-01	7.001948e-02	-3.178021e+03	3.578390e+00	1.273394e-01
-9	110544502	-9	0	A	G	0.058	3.152088e-01	7.401080e-02	-3.170881e+03	3.477388e+00	2.128346e-05
-9	71687926	-9	0	A	G	0.893	-5.475347e-02	8.751422e-02	-3.179258e+03	3.552071e+00	5.315991e-01
-9	243291378	-9	0	A	G	0.196	8.219250e-03	4.567404e-02	-3.179750e+03	3.565994e+00	8.572026e-01
-9	175581262	-9	0	A	G	0.158	1.706710e-01	7.380507e-02	-3.176765e+03	3.515315e+00	2.083191e-02
-9	43911642	-9	0	A	G	0.056	-1.420050e-01	8.240358e-02	-3.178251e+03	3.548153e+00	8.495807e-02
-9	172408122	-9	0	A	G	0.306	-4.712233e-02	5.029362e-02	-3.179154e+03	3.573091e+00	3.488760e-01
-9	183626045	-9	0	A	G	0.107	1.380745e-01	1.561447e-01	-3.178459e+03	3.560624e+00	3.766324e-01
-9	95317481	-9	0	A	G	0.293	-4.634943e-02	4.479541e-02	-3.179175e+03	3.554620e+00	3.009113e-01
-9	95424463	-9	0	A	G	0.077	2.517546e-04	6.180328e-02	-3.179943e+03	3.564137e+00	9.967502e-01
-9	175469575	-9	0	A	G	0.748	-2.932565e-02	4.485396e-02	-3.179544e+03	3.558732e+00	5.132978e-01
-9	68280824	-9	0	A	G	0.833	5.312695e-02	5.047029e-02	-3.179250e+03	3.560386e+00	2.926068e-01
-9	57198262	-9	0	A	G	0.061	5.401911e-02	6.554062e-02	-3.179665e+03	3.560621e+00	4.098985e-01
-9	154513164	-9	0	A	G	0.183	5.476776e-02	6.499663e-02	-3.179169e+03	3.569240e+00	3.995176e-01
-9	175343172	-9	0	A	G	0.060	2.202382e-02	8.359274e-02	-3.179717e+03	3.566377e+00	7.922130e-01
-9	78714985	-9	0	A	G	0.230	4.147454e-02	9.336472e-02	-3.178959e+03	3.569391e+00	6.569207e-01
-9	67493969	-9	0	A	G	0.760	-8.942368e-02	6.086597e-02	-3.178381e+03	3.572156e+00	1.419048e-01
-9	46509808	-9	0	A	G	0.083	2.359861e-01	5.970641e-02	-3.172139e+03	3.483049e+00	7.946386e-05
-9	40862833	-9	0	A	G	0.225	7.118248e-02	8.274663e-02	-3.178767e+03	3.562851e+00	3.897343e-01
-9	46519608	-9	0	A	G	0.087	-1.631833e-01	7.571294e-02	-3.177310e+03	3.560350e+00	3.123260e-02
-9	175563722	-9	0	A	G	0.058	8.637313e-03	9.215730e-02	-3.179617e+03	3.565525e+00	9.253361e-01
-9	71917989	-9	0	A	G	0.109	1.812086e-02	7.198139e-02	-3.179578e+03	3.570079e+00	8.012595e-01
-9	59542911	-9	0	A	G	0.216	1.017631e-01	5.846509e-02	-3.178054e+03	3.530437e+00	8.187824e-02
-9	188501544	-9	0	A	G	0.568	-8.744131e-02	6.069922e-02	-3.178297e+03	3.549816e+00	1.498299e-01
-9	78705714	-9	0	A	G	0.230	4.995616e-02	9.258102e-02	-3.178922e+03	3.568754e+00	5.895243e-01
-9	146732628	-9	0	A	G	0.101	-4.223600e-02	6.274656e-02	-3.179601e+03	3.557791e+00	5.009317e-01
-9	222746406	-9	0	A	G	0.785	-2.333524e-02	4.866462e-02	-3.179636e+03	3.564482e+00	6.316161e-01
-9	100327575	-9	0	A	G	0.051	-1.623010e-02	5.916704e-02	-3.180139e+03	3.564661e+00	7.838688e-01
-9	183761926	-9	0	A	G	0.077	1.150069e-02	8.680999e-02	-3.179609e+03	3.568224e+00	8.946142e-01
-9	53251984	-9	0	A	G	0.249	-1.068252e-01	6.434926e-02	-3.178002e+03	3.538733e+00	9.702056e-02
-9	175342456	-9	0	A	G	0.764	4.178087e-02	7.254936e-02	-3.179140e+03	3.562385e+00	5.647365e-01
-9	57272867	-9	0	A	G	0.108	7.766133e-03	6.430435e-02	-3.179714e+03	3.566506e+00	9.038816e-01
-9	40211378	-9	0	A	G	0.128	4.818123e-02	6.973415e-02	-3.179359e+03	3.551939e+00	4.896742e-01
-9	172391555	-9	0	A	G	0.072	-1.357236e-01	5.874564e-02	-3.177342e+03	3.553992e+00	2.094779e-02
-9	175593559	-9	0	A	G	0.180	1.091384e-01	7.369791e-02	-3.178234e+03	3.545984e+00	1.387601e-01
-9	29557217	-9	0	A	G	0.089	1.855634e-03	4.852217e-02	-3.180105e+03	3.563356e+00	9.694969e-01
-9	183675358	-9	0	A	G	0.123	-1.828214e-01	1.338428e-01	-3.178015e+03	3.581915e+00	1.720779e-01
-9	40158601	-9	0	A	G	0.144	1.490298e-01	5.675913e-02	-3.176290e+03	3.531421e+00	8.700058e-03
-9	183272646	-9	0	A	G	0.094	-1.599573e-01	7.607446e-02	-3.177451e+03	3.527183e+00	3.559512e-02
-9	78724282	-9	0	A	G	0.279	9.661394e-02	1.059629e-01	-3.178444e+03	3.577222e+00	3.619756e-01
-9	183369691	-9	0	A	G	0.553	-7.335310e-02	5.884689e-02	-3.178577e+03	3.562223e+00	2.126928e-01
-9	71812417	-9	0	A	G	0.191	-6.917686e-02	4.908241e-02	-3.178699e+03	3.575800e+00	1.588383e-01
-9	175679032	-9	0	A	G	0.324	9.131588e-02	3.238643e-02	-3.176067e+03	3.552093e+00	4.845965e-03
-9	46617278	-9	0	A	G	0.055	1.149116e-01	7.127823e-02	-3.178631e+03	3.536598e+00	1.070520e-01
-9	9418571	-9	0	A	G	0.162	-1.000461e-01	5.166373e-02	-3.177891e+03	3.538041e+00	5.291868e-02
-9	33311542	-9	0	A	G	0.111	-6.247275e-02	6.439147e-02	-3.179241e+03	3.565754e+00	3.320378e-01
-9	183663827	-9	0	A	G	0.072	2.260057e-01	7.242432e-02	-3.174909e+03	3.518140e+00	1.825194e-03
-9	110557719	-9	0	A	G	0.165	-2.093471e-02	5.390390e-02	-3.179666e+03	3.561907e+00	6.977740e-01
-9	50523626	-9	0	A	G	0.056	8.746277e-02	8.244931e-02	-3.179172e+03	3.556751e+00	2.888785e-01
-9	40227981	-9	0	A	G	0.296	1.209677e-01	5.723537e-02	-3.177197e+03	3.537581e+00	3.465395e-02
-9	175698230	-9	0	A	G	0.108	-3.208661e-02	5.018122e-02	-3.179773e+03	3.566071e+00	5.226107e-01
-9	24835953	-9	0	A	G	0.517	-7.927973e-02	7.491342e-02	-3.178523e+03	3.559533e+00	2.900260e-01
-9	167279427	-9	0	A	G	0.122	-1.072269e-01	7.316727e-02	-3.178484e+03	3.566544e+00	1.429070e-01
-9	247050865	-9	0	A	G	0.278	-8.532544e-02	1.037046e-01	-3.178509e+03	3.565846e+00	4.107138e-01
-9	175378736	-9	0	A	G	0.814	-1.141408e-01	7.134991e-02	-3.178132e+03	3.567154e+00	1.097820e-01
-9	175599664	-9	0	A	G	0.156	5.688980e-02	5.806140e-02	-3.179156e+03	3.554677e+00	3.272674e-01
-9	183674935	-9	0	A	G	0.113	-1.591629e-01	1.552489e-01	-3.178307e+03	3.587036e+00	3.053610e-01
-9	43911328	-9	0	A	G	0.115	-5.549185e-02	8.642430e-02	-3.179215e+03	3.564389e+00	5.208750e-01
-9	71562540	-9	0	A	G	0.509	-2.067035e-01	4.809187e-02	-3.170393e+03	3.428257e+00	1.787452e-05
-9	29545260	-9	0	A	G	0.078	-1.492238e-01	4.956676e-02	-3.175636e+03	3.507944e+00	2.633256e-03
-9	32372587	-9	0	A	G	0.063	-1.251040e-01	7.236737e-02	-3.178354e+03	3.543375e+00	8.397772e-02
-9	183331035	-9	0	A	G	0.068	2.672906e-02	7.915250e-02	-3.179704e+03	3.561873e+00	7.356242e-01
-9	247095017	-9	0	A	G	0.162	1.117035e-01	5.688503e-02	-3.177639e+03	3.518070e+00	4.967698e-02
-9	57221405	-9	0	A	G	0.352	-6.602200e-02	4.358149e-02	-3.178549e+03	3.530196e+00	1.299196e-01
