-4.593390e-02
-7.162883e-03
-3.712738e-02
9.220147e-02
-9.560042e-02
9.919303e-02
-2.015324e-01
8.867890e-03
-6.797774e-02
-4.260919e-02
-1.071505e-01
1.940302e-01
7.871231e-02
-1.861484e-02
-3.737969e-02
-1.800949e-02
-1.202052e-01
-6.941238e-02
-2.343960e-02
2.513045e-02
6.659803e-02
1.431098e-01
-5.568188e-02
-7.337881e-02
2.791655e-02
-6.514564e-02
1.505467e-01
1.374220e-02
9.009025e-02
4.842617e-02
-9.351040e-02
-1.330479e-01
2.339918e-01
-7.493704e-03
6.596296e-02
-2.038519e-01
-2.677825e-01
8.476800e-02
4.040356e-02
1.477139e-01
8.586488e-02
5.121630e-02
-5.159250e-03
1.419738e-01
-4.662833e-02
-1.014914e-01
4.797044e-02
6.237471e-02
7.496064e-02
-4.218703e-02
8.226497e-02
-5.319862e-02
3.981873e-02
-7.029067e-02
5.109006e-02
-8.715356e-02
-9.843588e-03
-6.233809e-02
1.353289e-01
-1.081630e-01
1.503230e-01
-2.342980e-03
6.563472e-02
-3.276295e-02
4.310914e-02
-2.035836e-01
1.558113e-02
-1.434434e-01
-3.717846e-02
2.070278e-01
-6.709103e-02
2.078054e-01
-8.144190e-02
2.463550e-01
2.405035e-01
-7.309698e-02
-1.606149e-01
-1.758336e-01
1.754113e-02
-2.400668e-02
1.234528e-01
-1.551264e-01
4.175937e-02
2.065759e-01
-3.778157e-02
-5.204567e-02
1.223642e-01
-1.876565e-02
-2.305322e-02
8.100631e-04
5.337432e-02
-9.926352e-02
-1.884422e-01
2.353407e-01
5.404359e-02
9.999375e-02
2.225447e-02
-6.382806e-03
1.871367e-01
-7.377995e-03
7.323175e-02
2.534315e-01
4.987243e-02
8.006972e-02
2.038126e-01
2.748814e-02
7.077887e-03
-2.263430e-01
9.377465e-02
1.588933e-01
-2.349149e-02
5.107568e-02
6.094978e-02
-1.891018e-01
-2.790490e-02
-4.294180e-02
5.494907e-03
1.442758e-01
1.518490e-01
-2.178837e-02
5.145671e-02
8.741532e-02
7.640356e-02
-3.205607e-02
-1.748503e-01
1.661275e-02
8.984762e-02
-8.874156e-02
-1.491089e-01
-1.666102e-01
-1.369207e-02
1.410720e-02
2.046436e-01
-1.135365e-01
6.115668e-02
1.331611e-01
-1.761575e-02
3.435141e-01
-8.836690e-02
-8.694374e-02
3.459511e-02
1.914865e-02
1.731198e-01
-1.132272e-01
1.598070e-01
3.739952e-02
-6.563051e-02
1.006895e-01
-1.521506e-01
-7.932967e-03
-2.294511e-01
-1.619949e-01
-2.192408e-01
4.572264e-02
9.792902e-02
1.318844e-01
-3.503486e-02
1.009376e-02
1.268953e-01
-7.446216e-02
1.497143e-01
8.622761e-02
-7.449993e-02
2.485019e-02
-3.600908e-02
2.592668e-02
1.622818e-02
3.658842e-02
-2.379262e-01
-8.108612e-02
-1.510755e-01
-1.626404e-01
5.088169e-02
-5.162658e-02
9.601839e-02
1.356395e-01
4.764663e-02
-1.135189e-01
8.591340e-02
-1.317366e-01
-1.607855e-01
-2.782226e-02
1.114781e-01
1.768114e-02
1.340453e-01
7.206551e-02
-1.809276e-02
-4.188885e-02
1.187274e-01
1.361580e-01
-4.301316e-02
-1.674656e-01
1.228733e-01
1.060876e-01
-4.489440e-02
1.450888e-01
1.435389e-01
1.735025e-01
1.668125e-02
-9.173209e-02
-1.403724e-01
2.795983e-01
-6.519498e-02
3.047822e-02
-2.089889e-01
-8.081664e-02
1.378409e-02
-9.175532e-02
-1.558301e-02
3.485021e-02
-1.710455e-01
-3.264614e-04
-9.206603e-02
1.248066e-01
-3.669287e-02
-1.240678e-02
-8.012912e-02
2.400196e-01
-8.856878e-02
4.555713e-02
-3.051206e-01
-6.926352e-02
1.248677e-01
-1.773697e-01
2.342901e-01
-8.700987e-02
1.052228e-01
-1.452871e-01
-7.390652e-02
4.057041e-02
2.260200e-01
-1.216897e-01
-1.309100e-01
1.145600e-01
-1.293706e-01
-1.856261e-02
1.018651e-01
1.591634e-01
7.231416e-02
2.214199e-02
-6.215781e-02
7.390385e-02
1.288449e-01
9.332104e-02
1.298292e-02
2.171763e-02
1.300017e-01
3.945510e-01
1.819046e-01
3.417379e-01
-5.311871e-02
-1.070204e-01
4.032862e-02
-2.393346e-02
-3.667475e-02
-2.190377e-01
1.105203e-01
-9.762710e-02
1.296344e-01
1.856555e-02
5.167642e-02
1.811515e-01
-8.032439e-02
-1.798292e-02
-2.596406e-01
-3.151902e-02
-1.203364e-01
4.878971e-02
1.144548e-01
-7.990525e-02
3.259160e-03
-2.423686e-01
-2.130997e-01
3.177968e-01
-3.070400e-01
3.157033e-01
1.926330e-01
-3.571703e-02
3.638501e-02
1.685896e-02
-9.813569e-03
1.139774e-01
-7.605218e-02
-1.919062e-01
4.087073e-02
8.471837e-02
-1.120977e-01
-1.445319e-01
9.214234e-02
-6.649176e-02
1.812682e-01
3.456297e-01
-1.547540e-01
1.890944e-02
-4.996613e-02
-8.954416e-02
-4.182728e-02
1.464158e-01
-7.289425e-02
5.470886e-02
-9.549421e-02
-1.086409e-01
1.464848e-01
1.740249e-01
1.893836e-01
-6.437169e-04
-3.551788e-01
2.176265e-01
1.596110e-02
1.298720e-01
-2.320672e-02
1.398144e-02
-3.719257e-02
2.862994e-01
4.142288e-02
-2.320905e-01
-1.270396e-01
-1.870873e-01
1.607524e-01
7.666801e-02
3.593942e-01
1.174965e-02
1.206773e-01
-2.977477e-02
9.127255e-02
-1.565309e-01
2.173166e-02
-1.463905e-02
-5.393940e-02
-1.691402e-01
8.170658e-02
-1.921130e-01
1.154958e-01
-2.112850e-01
-1.471529e-01
-6.121199e-02
-5.658296e-02
2.107313e-01
7.115054e-02
-1.384374e-01
1.307024e-01
3.438386e-02
2.956395e-02
5.089344e-02
4.115029e-02
8.392559e-02
-9.558015e-03
2.359335e-01
-2.800788e-02
-1.206240e-01
1.221935e-01
9.832536e-02
1.289118e-01
-1.398540e-02
-9.873374e-02
1.060039e-01
2.103845e-02
3.707958e-02
-3.421393e-02
6.866755e-02
-1.256524e-01
-2.621882e-01
-2.014164e-02
-2.232793e-02
-7.093680e-02
-1.609078e-03
1.951321e-02
-6.190718e-02
1.358038e-01
-4.158420e-01
1.640377e-01
-2.784961e-01
-8.652926e-02
2.210646e-01
-5.576469e-02
-1.983847e-02
5.168971e-02
1.280272e-01
-1.020056e-01
-8.486415e-02
-1.425167e-01
-7.444740e-03
1.414995e-01
5.565920e-02
1.042814e-01
-2.105471e-01
-1.154138e-02
1.412033e-01
-2.146748e-01
-7.546087e-02
2.008254e-03
2.906798e-02
4.821605e-02
9.853888e-03
-4.079192e-03
1.868118e-01
-2.464893e-01
3.247382e-02
7.234299e-02
9.790578e-02
-1.321359e-01
-7.711810e-02
-5.737394e-02
-1.405230e-01
-5.342255e-02
2.629327e-01
-1.503539e-02
8.841788e-02
1.436272e-01
6.057479e-02
1.888054e-02
-8.204962e-02
1.064310e-01
-5.674065e-02
1.595692e-01
-1.312017e-01
-2.598651e-02
1.343428e-01
6.327652e-02
1.527093e-01
-1.739768e-01
-2.448879e-01
1.391903e-01
-2.950051e-02
-2.899939e-02
1.564703e-01
2.535619e-02
-5.343420e-02
1.302216e-01
1.370753e-01
1.762585e-01
1.284260e-01
1.993423e-01
3.411833e-04
1.691405e-01
9.805330e-03
-2.308204e-02
1.179035e-02
9.029803e-02
-9.455375e-03
-4.439675e-02
-1.218206e-02
-9.328297e-02
-1.469957e-01
2.914212e-02
2.321796e-01
5.258683e-02
1.523310e-01
-3.161025e-01
-1.807472e-02
-1.386556e-01
6.088387e-02
-6.201896e-02
8.266915e-02
-3.422752e-02
-2.422400e-01
2.260921e-02
4.718985e-02
1.852646e-01
-8.149103e-02
-2.477250e-02
1.593455e-01
-1.251591e-02
-2.000111e-01
-3.536846e-02
2.757957e-02
-6.283368e-02
-8.995229e-02
2.099373e-01
2.103118e-01
-1.970150e-01
5.330868e-02
8.249696e-02
1.533120e-01
-1.251806e-01
3.334199e-01
2.302295e-01
-2.133877e-01
-1.223963e-02
1.404458e-02
-4.086924e-01
9.485931e-02
-6.029527e-02
-9.128185e-02
-2.586760e-01
-6.457170e-02
-1.054481e-01
3.069709e-02
-1.254147e-02
7.633477e-02
-8.702866e-02
-5.471452e-02
2.208459e-01
2.079132e-01
2.205451e-02
-1.028799e-01
1.942625e-03
2.893510e-02
1.037357e-01
5.776403e-02
1.695750e-02
1.928746e-02
4.062472e-02
-1.391122e-02
-2.395022e-02
-2.629906e-01
-3.234291e-02
1.090572e-01
2.521069e-01
1.376262e-01
8.928781e-03
-2.294492e-03
1.965520e-01
-5.976935e-02
-4.837729e-02
8.660386e-02
-2.974228e-01
3.186516e-03
-1.729468e-01
1.417891e-01
-4.802570e-02
-1.043681e-01
-2.109966e-01
-1.038810e-02
1.028058e-01
-1.883489e-02
-2.727853e-02
-3.037714e-02
5.390081e-03
9.839907e-02
1.784118e-02
1.301235e-01
-9.699966e-02
-3.688968e-02
4.892814e-02
-2.588049e-01
-2.202890e-03
1.159164e-01
-6.334368e-02
-1.220466e-01
1.402155e-01
8.121184e-02
3.679491e-02
8.695452e-02
1.487946e-01
1.236859e-01
-3.156691e-02
-2.925946e-01
-1.378820e-01
1.408038e-01
-9.474046e-02
1.684139e-01
8.160756e-02
9.190270e-02
1.348306e-02
-5.874130e-02
8.227223e-02
4.509610e-02
-1.431985e-01
-1.870281e-01
-1.928685e-01
2.455133e-01
1.391023e-01
-8.669185e-02
1.101927e-01
-2.240658e-01
-1.602720e-01
8.971934e-02
3.711612e-01
1.414324e-01
2.211411e-01
-8.375124e-02
-3.727798e-02
1.801545e-01
1.729951e-01
6.352489e-02
-2.236472e-01
9.193849e-03
1.914430e-01
7.992906e-02
-9.342194e-02
1.202509e-01
-3.831165e-02
-1.277033e-01
-8.430717e-02
4.386869e-02
1.540749e-01
4.250832e-02
1.762318e-01
1.426371e-01
-1.452253e-01
4.983635e-02
1.401394e-01
6.661866e-02
-6.321850e-02
-2.157278e-02
-7.260398e-02
-2.897036e-02
-7.689973e-02
2.502336e-01
-4.727485e-02
2.943796e-02
1.766384e-02
4.038269e-02
1.501242e-01
1.774444e-01
-1.419633e-01
1.226991e-01
-1.316348e-02
-4.726781e-02
6.762963e-03
3.115102e-01
-5.229409e-02
4.791175e-02
9.670486e-02
-1.090718e-01
-8.410289e-02
-1.010596e-01
-6.137006e-02
-2.403604e-01
1.274395e-02
6.288082e-02
-4.105288e-02
-3.961540e-02
-3.504416e-03
-1.572855e-01
2.076432e-01
-2.225454e-01
-2.192384e-01
-2.853206e-01
1.131386e-02
6.711705e-02
-1.495893e-03
-3.232128e-02
-9.136690e-02
-1.651828e-01
2.114214e-01
-6.788114e-02
-1.134461e-01
-3.588649e-01
-1.642635e-02
-4.167097e-02
-2.440011e-01
-1.915804e-01
1.950180e-01
-2.253943e-01
-3.470697e-01
-2.382002e-03
-1.342765e-02
1.470913e-01
-1.402176e-01
1.141668e-01
1.706299e-01
-2.029874e-01
-5.058879e-02
1.666018e-02
-2.023551e-01
2.663032e-01
-2.879007e-01
2.329291e-03
4.692179e-02
9.602460e-02
-1.284848e-01
1.063801e-01
2.072561e-01
7.273658e-02
-1.562878e-01
-1.919602e-01
1.466263e-01
-9.223873e-03
-1.653002e-01
-1.148774e-01
-1.241938e-01
1.048808e-01
1.132933e-01
-2.448153e-03
1.950561e-01
-5.014790e-02
7.598434e-04
1.420985e-01
-2.217856e-01
-3.867282e-01
-5.960264e-02
-3.199308e-01
3.909666e-02
-1.366464e-01
-9.770706e-02
1.383772e-01
-8.032342e-02
1.255355e-01
-9.650789e-02
1.310373e-02
-2.919795e-02
3.054783e-01
1.100514e-01
5.408275e-01
1.520741e-01
-4.234318e-02
8.750753e-02
-5.151603e-02
-7.369998e-02
3.606548e-02
-1.065107e-01
3.282751e-02
-3.202061e-02
-6.502259e-02
-6.758516e-02
-9.392472e-02
1.609039e-01
-1.224732e-01
1.864458e-01
-5.365424e-02
-1.438615e-01
2.225641e-02
-1.770403e-01
1.940964e-01
-1.149718e-01
-3.655396e-01
-2.522923e-01
2.037678e-01
-1.758034e-01
1.954352e-01
2.197034e-01
2.243950e-01
2.284410e-01
-7.135672e-02
-2.013852e-01
-1.600203e-01
2.188215e-02
4.144668e-02
1.054712e-01
9.272320e-03
-2.039391e-03
1.781483e-01
-3.440786e-02
3.032517e-01
8.776954e-02
1.062479e-01
2.405297e-01
2.460020e-01
2.606606e-01
-6.248903e-04
7.844923e-02
-1.883743e-01
1.786866e-01
2.137392e-02
-7.897826e-02
-1.915668e-02
-9.600180e-02
-8.966593e-02
1.338162e-02
-2.234627e-02
-2.173543e-02
-2.807555e-01
-2.309594e-02
2.039801e-01
5.527877e-02
-4.795291e-02
1.073867e-01
-6.561463e-02
1.341747e-01
5.544656e-02
-3.637413e-02
-1.307331e-01
-1.753764e-01
-1.935227e-01
2.789329e-02
-1.634253e-01
-1.599586e-01
-1.076387e-01
1.205740e-01
1.564456e-01
1.094628e-01
3.172547e-01
1.228462e-01
2.906814e-03
1.853073e-01
-5.390605e-02
-5.386049e-03
2.629102e-01
-1.571803e-01
-2.779188e-02
-1.982008e-01
1.306369e-01
-4.134249e-02
2.546485e-02
1.607617e-01
-1.972401e-02
-1.298062e-01
1.196739e-03
1.357598e-01
1.030155e-01
1.887706e-01
4.425603e-02
1.390918e-01
-1.353387e-01
5.851665e-02
-1.878859e-01
7.337182e-02
-1.900601e-02
-1.386885e-01
-9.175095e-02
-1.229276e-01
-2.962808e-02
-1.315311e-01
1.094874e-01
3.084830e-02
-3.017335e-01
7.159590e-02
-1.283961e-01
-1.936967e-01
3.350930e-02
2.165921e-01
1.805250e-01
-1.161929e-01
-1.560016e-02
-1.883010e-01
6.614670e-02
2.849663e-01
-1.084608e-01
9.814799e-02
2.639948e-02
1.033718e-01
-6.507955e-02
1.460919e-01
-2.485390e-01
3.096667e-02
5.320967e-02
3.176022e-03
5.506380e-03
1.718533e-02
-1.168710e-01
2.272486e-01
2.356623e-02
-1.640152e-01
-3.367256e-02
1.569060e-01
7.126591e-02
-3.064770e-04
4.868673e-02
-8.984716e-02
-1.432419e-01
-9.450331e-02
1.636999e-02
-1.055869e-01
-1.056773e-01
-2.663914e-03
-6.809553e-02
-2.977994e-01
-1.609865e-01
-1.306524e-01
-1.814214e-01
2.123052e-02
1.205332e-01
1.049538e-01
-2.541587e-02
-2.489374e-01
-1.231821e-01
1.307017e-01
-5.503101e-02
-2.624348e-01
1.930228e-01
-1.789949e-02
1.493368e-01
9.501583e-02
2.772220e-02
-1.825205e-01
-1.916330e-01
1.094857e-01
2.668102e-01
2.577984e-01
-2.322651e-01
1.235201e-01
-1.346638e-01
6.932608e-02
-7.694002e-02
1.227502e-01
-1.567331e-01
2.587456e-01
-1.281839e-01
-6.038633e-03
-1.447590e-01
2.608264e-02
3.864965e-02
-1.124883e-01
9.149832e-02
-1.573408e-01
-9.955081e-02
-7.784417e-02
-1.559457e-01
2.883824e-01
-6.044232e-02
-8.241904e-02
-1.393730e-01
-1.058874e-02
3.229274e-01
-1.395094e-01
6.724153e-02
-1.504613e-01
-1.260402e-01
7.671226e-02
4.710955e-02
-4.291017e-02
-2.175876e-01
-8.996780e-02
2.273089e-01
-1.005119e-01
1.008082e-01
-9.520465e-03
-3.911400e-02
6.083718e-02
1.905083e-01
-5.616924e-03
-1.810270e-02
-7.277594e-02
-2.105194e-02
-2.359388e-02
1.225218e-01
-1.656496e-01
1.300577e-02
-5.672973e-02
1.853134e-02
-1.400173e-01
-1.475512e-01
2.991855e-01
-5.038835e-02
-9.628251e-03
-4.241788e-02
-1.079862e-01
-6.228181e-02
-4.190593e-02
1.380986e-02
1.789180e-01
2.534203e-02
-9.662646e-02
-1.714597e-01
1.012892e-02
-2.447647e-01
3.710135e-02
2.524131e-01
1.038791e-01
3.052567e-01
-2.789318e-02
-1.102169e-01
-1.081451e-02
-1.002668e-01
4.252757e-03
4.240695e-02
1.361016e-01
-9.742545e-02
1.829505e-01
-1.506187e-01
-6.236258e-02
1.417766e-01
-7.318575e-02
-1.520273e-01
1.324635e-02
5.646150e-02
-1.704217e-01
-2.095885e-02
1.744600e-01
3.290510e-02
5.228479e-02
-2.311506e-01
-8.733495e-02
1.564323e-01
-5.310902e-02
1.026404e-02
2.263229e-02
1.666067e-01
2.437935e-01
8.958781e-03
-2.400834e-02
4.977230e-02
-5.716193e-02
-3.484225e-02
-4.709604e-02
-2.254067e-01
2.380092e-01
1.156690e-01
3.539576e-02
-2.785577e-02
7.999583e-02
5.449155e-02
-1.097404e-01
-5.183666e-02
-9.494985e-03
7.215543e-02
-2.739739e-02
2.292174e-02
-1.903135e-03
-6.721836e-02
-3.325892e-01
2.323713e-01
-2.381584e-02
3.168029e-02
-5.389878e-02
-3.504502e-02
7.064648e-03
-1.655013e-02
9.323681e-02
-6.443405e-02
-3.224299e-02
-1.895350e-01
-1.322885e-02
2.493392e-01
-1.669406e-01
-7.758872e-02
5.550156e-02
1.673100e-01
3.130393e-02
-2.505080e-01
-1.823033e-01
2.241859e-02
-1.312190e-01
4.015154e-02
-2.905081e-01
-7.096707e-02
-3.511724e-01
-4.541712e-02
1.216483e-02
-4.601991e-03
-1.480957e-01
1.378132e-01
-8.936620e-03
-2.591128e-01
9.608998e-02
-2.152597e-02
1.920690e-02
-1.047688e-01
4.969489e-02
-1.504292e-01
-9.883493e-03
1.821730e-01
-1.931634e-01
-1.332296e-01
-1.209514e-01
4.077681e-02
3.315322e-01
6.134191e-02
1.286069e-01
2.181315e-01
1.042726e-01
-2.127514e-01
-9.390859e-02
3.198356e-02
8.347244e-02
-1.673032e-02
-5.324307e-02
-1.290333e-01
-1.332548e-01
-1.292225e-01
-2.869341e-01
4.356348e-02
5.730178e-02
1.172741e-01
5.110258e-03
-1.516459e-01
-6.157120e-02
-1.394078e-01
-1.998324e-02
2.482437e-01
2.343383e-02
-1.503011e-01
4.100692e-02
9.917080e-02
4.133209e-03
4.766914e-02
-6.575838e-02
1.061187e-01
2.417676e-02
4.478167e-02
7.843557e-02
1.037754e-01
2.487534e-02
8.591338e-02
4.209534e-02
4.823692e-02
3.414019e-02
2.834491e-02
2.987376e-03
1.316610e-01
3.074114e-01
-1.239045e-01
-4.208425e-02
1.943588e-01
-1.448803e-01
6.629261e-02
-5.444844e-02
-1.112002e-01
-1.264420e-01
2.100796e-02
-7.489764e-02
6.316020e-02
1.408719e-01
1.509432e-01
-4.042311e-02
-1.478096e-01
2.458312e-01
-5.790503e-02
-2.806975e-02
-9.854108e-02
-4.020330e-03
7.051657e-02
3.204443e-02
1.951200e-01
3.650390e-04
4.546385e-02
-2.449420e-01
-2.446885e-01
2.703567e-02
-4.836362e-02
-8.220864e-02
-7.835149e-02
1.077706e-01
-2.395708e-01
-2.798707e-01
8.985594e-02
1.806525e-01
6.182986e-02
7.431476e-02
1.113477e-01
4.022290e-02
9.759739e-02
3.959560e-01
-5.807926e-02
6.489110e-02
-2.720808e-01
2.639574e-01
1.248851e-01
8.607774e-02
1.320014e-01
-9.602010e-02
7.502167e-02
1.885685e-01
-1.594020e-01
1.423403e-02
5.873317e-02
-1.579484e-01
1.461302e-01
-1.141036e-02
-1.722315e-02
-6.587211e-02
7.750251e-02
1.249375e-01
-3.873562e-03
1.270391e-02
-1.239707e-02
-5.653919e-02
1.850629e-01
-2.324582e-02
-1.000949e-01
-3.883406e-02
-7.428828e-02
-4.803634e-02
2.761231e-01
-9.740282e-02
-2.165930e-01
6.689875e-02
1.250674e-02
-1.445678e-01
1.206893e-01
-6.106072e-02
-1.497161e-02
-2.162963e-02
3.720638e-02
1.926191e-01
9.581745e-02
6.134336e-02
1.003009e-02
-9.482173e-03
-9.462533e-03
-2.106718e-01
1.334520e-01
5.309869e-02
3.859464e-02
-5.701015e-02
-2.418737e-01
-9.386958e-02
-2.935254e-01
-8.673895e-02
9.487107e-02
-9.295682e-02
1.031708e-01
8.396825e-02
-1.476533e-01
8.748142e-02
1.587293e-03
1.346454e-01
1.487975e-01
1.692947e-02
1.159640e-01
7.092231e-02
3.919104e-02
6.986412e-02
7.313456e-02
-1.104025e-01
-9.604528e-02
1.141955e-01
-2.443847e-01
-8.610171e-02
4.040878e-02
4.326327e-02
7.663296e-02
1.303058e-01
7.707408e-02
4.248989e-02
-5.262794e-02
1.424486e-01
2.960707e-02
-1.063899e-01
7.712208e-02
-1.781180e-01
-2.746935e-01
-2.169668e-01
1.283847e-01
1.696024e-01
-1.473114e-01
6.171705e-02
-7.087965e-02
-3.034025e-02
5.836008e-02
-2.747447e-01
-2.229797e-01
7.845924e-02
1.909843e-01
-1.552877e-01
8.011035e-02
8.694942e-02
5.830451e-02
2.565868e-02
1.229868e-01
-1.988826e-01
2.534965e-01
5.188051e-02
5.943475e-02
5.884415e-02
-2.722252e-02
-1.525313e-01
2.512384e-01
1.237795e-01
-2.030844e-03
-3.421567e-01
3.064444e-01
1.312472e-01
-1.407364e-01
-4.382732e-03
-7.584121e-02
-1.591266e-03
2.066516e-01
-2.174742e-01
1.323648e-01
8.607562e-02
-5.864780e-02
7.550158e-03
-2.297520e-01
-7.192057e-02
-1.658854e-01
3.004267e-02
2.806776e-01
1.466930e-02
-2.917631e-01
4.097875e-02
1.633901e-01
-6.990692e-02
-3.831566e-02
-3.865392e-02
3.686159e-02
1.696696e-01
-1.620238e-02
3.390798e-02
1.431395e-01
9.281426e-02
8.054623e-02
-1.920360e-01
2.184757e-01
2.192421e-01
-8.868394e-02
6.084313e-02
3.207631e-02
-3.062124e-01
1.302340e-01
-2.626740e-02
6.287225e-02
3.132206e-01
1.107342e-01
-7.968087e-03
2.455985e-01
-1.011738e-01
2.279697e-01
8.207446e-02
7.862273e-02
-1.173784e-01
9.095966e-02
-2.724045e-02
-2.442594e-01
2.647617e-01
-7.654288e-02
-4.958240e-03
-2.709917e-02
-8.468562e-03
1.219748e-01
2.268540e-01
1.455500e-01
-1.680903e-01
-3.586037e-02
-9.281225e-03
-1.902126e-01
2.996809e-02
-8.393926e-02
6.039925e-02
-3.140464e-02
-5.262037e-03
2.016992e-01
-3.502674e-02
1.566379e-01
-8.323134e-02
-9.287831e-02
1.349340e-01
-6.051686e-02
-1.242887e-01
9.105069e-03
-4.093941e-03
-2.566242e-01
-6.978087e-02
8.138771e-02
2.808502e-02
-5.067535e-02
7.976203e-02
-1.970777e-01
-1.557438e-01
2.379200e-02
5.184086e-02
-2.870639e-02
-1.694426e-01
-2.217969e-02
-5.619150e-02
1.021029e-01
-1.203172e-01
3.420605e-01
-1.070547e-02
-4.932867e-02
7.119591e-02
-2.857534e-03
-2.164216e-02
-1.654634e-01
-1.672885e-01
1.552394e-01
-1.133746e-01
1.717919e-01
-2.141624e-03
7.083818e-02
-1.236442e-01
-7.829366e-02
-3.891461e-02
-9.410753e-02
4.276254e-03
1.875099e-01
2.508961e-02
-1.536336e-01
1.444189e-01
-9.357288e-02
-1.566082e-02
-6.234665e-02
7.239595e-02
-2.577005e-01
1.835980e-01
1.744711e-01
-1.246149e-01
5.236999e-02
1.193263e-01
-1.074617e-01
-1.547274e-01
1.343844e-02
-1.185063e-01
-1.577460e-01
1.149227e-01
-5.654623e-02
-1.923589e-01
9.206743e-02
-2.057907e-02
6.950718e-02
-5.604793e-02
-4.685310e-02
8.722701e-02
1.738670e-01
-1.943710e-01
5.651720e-02
-3.433067e-02
-2.024616e-01
6.741667e-02
-1.172431e-01
9.098115e-02
2.547846e-02
-6.049735e-02
-1.446064e-01
-2.352354e-02
-1.007519e-01
6.750051e-02
1.248893e-02
2.024508e-01
2.637904e-02
-3.538534e-02
1.489133e-01
-6.550249e-02
1.941524e-01
1.473242e-01
1.584836e-01
-1.581838e-01
-9.582053e-02
-8.770692e-02
1.477332e-01
-8.924912e-03
1.743202e-01
6.912863e-02
2.945307e-01
9.509716e-02
-1.426019e-01
2.389198e-01
-5.934039e-03
-2.266647e-01
1.650826e-01
-2.969421e-02
7.379782e-02
-1.221438e-01
3.133096e-02
2.578239e-01
-2.299046e-01
6.423925e-02
4.023590e-02
-1.831163e-01
-7.592148e-02
-2.153494e-01
-4.785435e-02
-1.119932e-01
1.025616e-01
-1.780831e-01
3.905857e-02
2.693394e-01
7.340361e-02
6.608285e-02
2.550122e-01
-1.547013e-02
1.574134e-02
1.049846e-01
2.002349e-02
2.371678e-01
-8.158088e-02
9.262483e-02
4.076949e-02
1.681485e-01
6.359138e-02
-2.874640e-01
2.809436e-01
5.565539e-02
4.335530e-02
-1.240566e-02
6.028952e-02
-1.571208e-02
-2.404316e-01
-6.320704e-02
1.772350e-02
-2.014399e-01
1.235362e-01
5.105562e-02
-7.598167e-02
1.883655e-01
1.692824e-01
8.025187e-02
-2.503434e-01
1.277529e-01
-1.164056e-01
6.924622e-02
-7.015637e-03
-1.620107e-01
1.176705e-02
2.097023e-01
-1.806040e-01
4.492141e-02
-8.007270e-02
-1.355974e-01
-2.963168e-01
2.731108e-02
-5.082271e-02
-2.653777e-02
-4.722068e-02
1.313121e-01
-8.134769e-02
3.098779e-02
-4.497643e-01
1.897881e-01
-3.266789e-01
1.177995e-01
2.181950e-01
-1.969199e-01
7.532424e-02
-9.018121e-02
3.074978e-02
-3.716270e-02
5.950907e-02
-2.567612e-01
-1.022091e-02
-1.532561e-02
-1.495058e-01
1.671779e-01
1.540679e-01
-1.714929e-01
7.378236e-02
4.813459e-02
3.475512e-02
-3.734062e-02
-1.415637e-01
2.783481e-01
6.300384e-02
-6.416937e-02
-6.316683e-02
-1.378161e-01
-2.775939e-02
-4.213487e-02
-5.250960e-03
1.201219e-01
1.829971e-01
-1.249305e-01
-1.117172e-01
1.871698e-01
-6.826363e-02
6.886234e-02
2.337289e-02
8.128907e-02
-8.026073e-02
-6.085439e-02
1.550727e-01
-9.674498e-02
1.666248e-01
-1.303611e-01
-2.147895e-02
7.255535e-02
7.687837e-02
1.364914e-01
-1.045595e-01
1.655323e-02
-3.256048e-01
-2.087933e-02
3.234636e-01
-2.690279e-02
-4.653464e-02
-7.664754e-02
-5.304608e-02
1.333024e-01
-1.304370e-01
4.338133e-02
2.204529e-01
9.494879e-02
1.735712e-01
-5.132318e-02
-3.149589e-01
-1.722780e-01
-5.316365e-02
-5.657949e-02
1.568160e-01
3.572273e-02
6.290861e-02
-4.509299e-02
-1.621131e-01
-1.602599e-01
-7.296741e-02
5.528268e-02
1.008704e-02
-1.156285e-01
2.215254e-01
1.064580e-01
-7.738967e-02
-1.752943e-02
1.914107e-02
-8.540613e-02
1.517836e-02
-8.488537e-03
1.204349e-01
-9.825395e-02
-6.895688e-02
-4.055244e-02
-2.089881e-02
6.110921e-02
3.171528e-02
3.066052e-02
9.955955e-02
-8.735033e-02
1.388978e-01
-1.649679e-01
-1.289947e-01
-2.941601e-02
2.338733e-01
1.795185e-01
-1.111241e-01
4.024059e-02
-3.374745e-01
9.412751e-02
1.425359e-01
4.080904e-02
1.841083e-01
2.790986e-02
1.579438e-01
-4.447925e-02
-4.465045e-02
8.449004e-02
8.905312e-03
1.057426e-01
-6.568513e-02
3.252591e-02
-3.161474e-01
1.832160e-02
-7.080922e-02
1.444341e-01
-2.878345e-01
3.798942e-02
2.267609e-03
1.417601e-01
-5.414499e-02
8.234565e-02
1.322983e-01
7.125875e-03
-8.268104e-02
-1.939061e-01
-6.814879e-02
7.943636e-02
-5.845565e-02
-3.671397e-04
-1.024031e-01
-1.038720e-01
-1.497614e-01
-4.161796e-02
-1.947902e-02
1.776569e-01
1.389552e-02
-1.460723e-01
8.263063e-02
1.155522e-01
1.364930e-01
1.046119e-01
2.335615e-01
2.247117e-02
-5.116478e-03
3.430290e-02
-1.332344e-01
2.969384e-02
-1.149694e-01
-9.238517e-02
-2.742804e-02
6.861011e-02
2.311451e-01
1.029550e-01
-9.805432e-02
-6.372284e-02
-5.261211e-02
-1.247864e-01
2.079679e-01
-6.753009e-02
4.592492e-02
3.024669e-03
2.326924e-01
1.743674e-01
7.023767e-02
-3.246315e-02
-1.000228e-02
1.460936e-01
4.658600e-02
1.126491e-01
1.234910e-01
-9.619359e-02
-2.241339e-01
2.302568e-01
-1.091546e-01
-1.121779e-01
-2.021729e-02
-5.155739e-02
-8.781939e-02
1.151430e-02
3.790332e-02
-3.659419e-01
6.087384e-02
5.243359e-02
-9.976377e-02
-4.436041e-03
6.153395e-02
-1.887963e-01
-2.334521e-01
2.345483e-02
-3.293243e-02
8.953815e-02
-3.945898e-02
2.191337e-01
-1.567147e-01
2.547772e-01
-4.455188e-02
5.319449e-02
-1.088221e-02
-2.000363e-02
-1.390196e-01
-4.486350e-02
8.097048e-02
6.117298e-02
2.880601e-01
5.586886e-02
6.802470e-02
-2.385299e-02
-1.628437e-01
5.198006e-02
-4.223573e-02
1.312814e-02
3.623544e-02
2.010604e-02
-1.486649e-01
-3.384432e-01
9.390984e-02
2.214716e-01
-6.596511e-02
-1.284965e-01
1.162524e-01
9.322227e-02
3.194590e-02
-1.803172e-01
-1.551487e-01
-3.048742e-01
2.903550e-02
9.921662e-02
-1.594016e-01
-1.514511e-01
-2.439383e-01
4.187741e-02
8.354187e-02
-5.390848e-02
1.280385e-01
-1.210658e-01
2.065020e-01
-1.337894e-01
1.335347e-02
1.875891e-01
-1.341004e-01
7.183338e-02
-4.598866e-02
-1.134487e-01
1.511079e-01
-1.030017e-01
-5.823819e-02
-1.252752e-01
-1.231064e-02
-6.682467e-02
-8.044498e-02
-9.369238e-02
-2.313282e-01
8.007925e-03
9.055763e-03
-1.251538e-01
2.316549e-02
2.675557e-02
1.660396e-01
7.506390e-02
-4.820966e-02
1.674133e-01
6.631508e-02
-9.137305e-03
1.577459e-01
-1.284989e-01
2.644719e-03
2.692252e-01
-1.426721e-01
5.171293e-02
-1.212711e-01
-3.588658e-02
-1.044766e-01
-1.935118e-01
-5.689653e-02
1.384739e-01
-1.620310e-02
-1.584464e-01
-2.242738e-01
3.768726e-02
1.769437e-01
1.331941e-02
2.829397e-01
-4.463059e-02
-9.031279e-02
2.985876e-02
1.532088e-01
1.807285e-01
-6.252044e-02
-1.768101e-01
1.134633e-01
1.263389e-01
1.747228e-01
2.057551e-01
6.058849e-02
2.489758e-01
3.937389e-02
9.072308e-02
-6.035900e-02
-1.064743e-01
1.089405e-01
1.560419e-01
3.020234e-02
-6.541670e-02
9.038963e-02
9.612658e-02
7.497980e-02
-8.806419e-02
5.700592e-03
-5.860889e-02
1.295027e-01
6.054828e-02
1.934511e-02
1.053665e-02
-2.434725e-02
-1.946845e-01
-2.145722e-01
-2.863224e-01
-5.420022e-02
1.139640e-01
-5.026960e-03
-1.738544e-01
-1.294356e-01
-1.051185e-01
-1.495179e-01
1.659339e-01
2.373010e-01
-2.121524e-02
-2.027659e-02
-1.152084e-01
-3.799005e-02
-7.693481e-02
-2.357303e-01
7.138106e-02
1.206485e-02
-1.407513e-01
-4.534722e-02
1.071925e-01
-6.478822e-03
-2.933218e-01
-1.019158e-01
1.768679e-01
-8.683699e-02
-5.984982e-02
-1.986777e-01
-2.773675e-01
8.508395e-03
-1.296909e-02
-1.480140e-01
1.338971e-01
-1.063600e-01
-1.065568e-01
1.576815e-01
1.317804e-02
-1.132095e-01
3.391345e-02
-2.214066e-02
-1.740521e-01
3.433023e-02
7.465306e-02
1.407468e-01
-1.504512e-01
5.797168e-02
-1.720447e-01
-3.880676e-01
-3.246663e-02
5.188071e-02
-4.660035e-02
7.963662e-02
6.134753e-02
-1.755243e-01
-8.749199e-03
1.312036e-01
-2.849984e-03
2.537681e-02
-1.430419e-01
9.919626e-02
-1.485548e-01
-1.820399e-01
1.782785e-02
-1.203202e-01
-1.240237e-01
-1.612140e-01
-1.273937e-02
1.726632e-01
-2.090634e-02
4.637501e-03
5.596011e-02
1.816940e-03
-3.029528e-01
-1.046387e-01
-1.524381e-01
9.008898e-02
-4.431554e-02
1.176183e-01
-1.448573e-01
-2.489003e-02
-1.719369e-01
-3.773657e-02
-5.717075e-02
-9.655438e-02
-1.114659e-01
-1.801615e-01
-6.562746e-02
8.312608e-02
-5.803915e-02
-1.522295e-02
-1.075182e-01
-5.931075e-02
8.837861e-02
-1.824814e-01
-2.141794e-01
-4.238869e-02
2.587598e-01
1.079774e-01
1.204934e-01
-2.134293e-02
-2.970530e-01
-1.283395e-01
2.524306e-02
1.318314e-01
-1.631395e-01
9.456235e-04
8.893201e-02
3.127885e-02
-1.225581e-01
1.261199e-01
5.747328e-02
2.076675e-01
-2.023214e-01
6.035582e-02
-2.385744e-01
-2.584897e-02
1.491176e-01
2.808305e-02
-8.442713e-02
3.841924e-02
1.004489e-01
1.845839e-01
-6.204418e-02
-1.150763e-01
9.123067e-02
2.480795e-01
-6.567168e-02
1.592171e-01
2.838568e-01
2.208924e-02
-1.626353e-01
2.280592e-01
1.769774e-01
-8.937234e-02
1.747073e-03
1.671795e-01
-2.521958e-01
1.289547e-01
2.354883e-02
-1.312016e-01
-2.656752e-01
5.502957e-02
3.530196e-01
1.053507e-01
1.473622e-01
-7.680953e-02
4.274424e-03
-3.841816e-02
3.826526e-02
5.392217e-02
-1.268141e-01
-2.305777e-01
1.292503e-01
9.402606e-02
-9.408370e-02
-7.224139e-02
-7.035492e-02
1.278995e-01
-4.172188e-02
9.053608e-02
-6.345534e-02
-8.003811e-02
-1.442355e-02
-7.686181e-02
9.937791e-02
2.943212e-02
-3.120856e-01
-1.982183e-01
6.051623e-02
1.181143e-02
4.970215e-02
1.167057e-01
-6.338423e-02
-3.475958e-02
-3.673918e-02
2.667611e-01
-6.103636e-02
-5.800243e-02
-1.747523e-02
-1.160064e-01
-1.993152e-01
-1.097520e-02
1.102676e-01
1.944019e-01
1.180844e-01
2.046316e-01
4.640963e-02
1.121603e-02
1.043047e-01
-6.640750e-02
7.024864e-03
1.367928e-01
1.410136e-01
-2.571999e-01
5.752378e-02
-1.933922e-01
1.819105e-01
6.239767e-02
-1.929078e-01
1.741183e-01
1.000697e-01
-1.467343e-01
-3.177594e-01
-1.970302e-02
2.760380e-02
-1.124821e-01
9.125369e-02
-9.289510e-03
-9.461109e-02
-1.086766e-01
2.019486e-01
1.548024e-01
-3.486693e-02
6.658085e-02
1.396719e-01
-2.065305e-01
1.889773e-01
-2.667072e-02
-7.686509e-02
-7.911546e-02
-8.756191e-03
1.472952e-01
2.641489e-02
-8.839606e-02
