chr	rs	ps	n_miss	alpha	beta	gamma
-9	146739054	-9	0	-1.137256e-02	-5.100479e-02	5.016300e-01
-9	183353182	-9	0	5.711331e-03	2.122253e-02	3.306400e-01
-9	183689411	-9	0	3.405823e-03	3.072404e-02	4.796200e-01
-9	36785879	-9	0	-1.179140e-02	-6.821463e-02	5.840600e-01
-9	57195661	-9	0	-1.121718e-02	-4.003826e-02	3.954000e-01
-9	74946199	-9	0	-5.238674e-03	-2.428437e-02	3.886600e-01
-9	40014771	-9	0	-4.230385e-03	-2.051959e-02	3.471000e-01
-9	175544846	-9	0	-1.323093e-02	-1.482457e-01	9.974000e-01
-9	183662109	-9	0	-1.092251e-02	-8.826817e-02	6.877600e-01
-9	33304459	-9	0	1.190289e-02	3.759308e-02	4.257800e-01
-9	40175338	-9	0	-3.668352e-03	-3.221077e-02	4.098500e-01
-9	167372729	-9	0	7.663455e-03	4.367972e-02	4.268700e-01
-9	74955424	-9	0	-5.562432e-03	-2.618053e-02	3.927300e-01
-9	40211322	-9	0	-3.668352e-03	-3.236671e-02	4.491300e-01
-9	167282379	-9	0	-2.315488e-03	-1.126581e-02	3.043200e-01
-9	175406333	-9	0	1.681083e-02	1.893251e-01	9.973300e-01
-9	110557719	-9	0	-1.136115e-02	-1.234955e-01	9.917700e-01
-9	175466905	-9	0	-1.251493e-02	-3.377599e-02	3.770000e-01
-9	48167346	-9	0	-3.012263e-03	-1.106750e-02	2.954200e-01
-9	167369382	-9	0	-2.755523e-03	-2.039394e-02	3.889000e-01
-9	183326795	-9	0	2.943848e-03	1.290885e-02	3.921800e-01
-9	35474514	-9	0	-3.310532e-03	-1.484838e-02	3.626200e-01
-9	46506062	-9	0	3.186246e-03	1.755099e-02	3.806900e-01
-9	71579729	-9	0	-3.228416e-03	-1.425847e-02	3.433200e-01
-9	247083764	-9	0	-6.986867e-03	-5.267361e-02	4.766200e-01
-9	188479528	-9	0	3.704640e-03	2.341946e-02	4.226500e-01
-9	183849386	-9	0	-6.933849e-04	-5.702853e-03	3.673900e-01
-9	173404348	-9	0	-1.528772e-02	-1.719256e-01	1.000000e+00
-9	46511165	-9	0	-1.037154e-02	-4.627188e-02	4.391000e-01
-9	46592523	-9	0	-1.073954e-02	-9.564797e-02	8.184300e-01
-9	175627123	-9	0	-8.009391e-03	-3.259381e-02	3.693300e-01
-9	154514584	-9	0	-8.218849e-03	-6.181110e-02	5.239900e-01
-9	32090586	-9	0	8.866925e-03	6.648330e-02	6.297300e-01
-9	46638219	-9	0	3.055003e-03	7.967776e-03	2.258900e-01
-9	50533095	-9	0	4.236786e-03	1.812630e-02	2.877900e-01
-9	183759719	-9	0	-3.770405e-03	-2.669776e-02	4.185800e-01
-9	68193074	-9	0	1.058958e-02	4.518548e-02	4.345800e-01
-9	68264775	-9	0	1.109158e-02	1.115528e-01	9.734800e-01
-9	40022999	-9	0	2.939907e-04	3.508378e-03	4.312900e-01
-9	57257429	-9	0	-6.361081e-03	-2.535470e-02	3.230600e-01
-9	57230559	-9	0	-1.107033e-02	-8.017199e-02	6.030000e-01
-9	197031346	-9	0	-1.055079e-02	-1.017352e-01	9.449300e-01
-9	172429247	-9	0	1.325102e-02	1.490286e-01	1.000000e+00
-9	183638079	-9	0	-1.256718e-03	-1.304550e-02	3.953100e-01
-9	74947119	-9	0	1.043729e-02	9.580504e-02	7.401200e-01
-9	100344610	-9	0	5.416393e-03	3.862212e-02	4.265300e-01
-9	9367737	-9	0	1.296059e-02	1.335205e-01	9.220000e-01
-9	183633991	-9	0	1.221427e-03	1.159631e-02	4.439500e-01
-9	175417458	-9	0	-7.904847e-03	-2.096218e-02	3.079100e-01
-9	71766827	-9	0	-7.637703e-03	-5.117000e-02	5.184500e-01
-9	40811653	-9	0	2.110041e-02	4.011749e-02	4.587900e-01
-9	35468630	-9	0	-3.439866e-03	-1.115469e-02	3.371200e-01
-9	183738498	-9	0	-4.142439e-03	-2.880063e-02	3.833300e-01
-9	183757269	-9	0	-2.213833e-04	-4.822227e-04	4.034100e-01
-9	247003775	-9	0	2.726210e-03	1.402704e-02	3.295200e-01
-9	53280031	-9	0	5.880463e-03	3.514614e-02	4.310300e-01
-9	9338551	-9	0	1.023531e-02	8.326436e-02	9.503000e-01
-9	173394935	-9	0	-1.272224e-02	-1.318282e-01	9.574100e-01
-9	175399112	-9	0	-4.319084e-03	-3.106219e-02	4.107800e-01
-9	169362463	-9	0	-1.043946e-02	-1.045570e-01	6.983300e-01
-9	95401041	-9	0	7.059168e-03	2.069761e-02	3.058900e-01
-9	53264935	-9	0	1.175062e-02	5.448906e-02	5.211400e-01
-9	175617739	-9	0	3.760015e-03	3.057082e-02	4.129100e-01
-9	113471483	-9	0	7.773919e-03	7.757035e-02	6.378400e-01
-9	78737023	-9	0	2.093474e-03	1.707115e-02	3.809900e-01
-9	175396962	-9	0	1.149708e-02	1.076988e-01	7.834800e-01
-9	40195808	-9	0	-3.668352e-03	-3.255219e-02	4.337100e-01
-9	154507681	-9	0	1.205615e-02	1.028190e-01	8.751700e-01
-9	46617353	-9	0	-9.690031e-03	-5.757882e-02	4.767000e-01
-9	50575154	-9	0	-5.098458e-03	-2.298938e-02	3.583100e-01
-9	40007451	-9	0	-1.039048e-02	-1.040747e-01	7.268100e-01
-9	9396454	-9	0	-1.619062e-02	-5.506017e-02	6.512900e-01
-9	243335231	-9	0	-1.243816e-02	-1.243003e-01	9.118000e-01
-9	78758420	-9	0	-1.238839e-02	-6.884041e-02	5.384400e-01
-9	183658445	-9	0	-4.428796e-04	-3.777371e-03	4.353900e-01
-9	71708514	-9	0	-7.749510e-03	-3.664852e-02	4.097000e-01
-9	8269341	-9	0	-1.145242e-02	-6.656714e-02	6.069200e-01
-9	9403361	-9	0	3.148646e-03	1.398916e-02	3.721400e-01
-9	183722641	-9	0	5.207590e-03	4.773122e-02	4.481200e-01
-9	243288711	-9	0	-1.585915e-02	-1.785168e-01	1.000000e+00
-9	183829875	-9	0	-8.259051e-03	-3.466697e-02	4.238800e-01
-9	100362429	-9	0	2.319787e-03	2.079961e-02	4.227200e-01
-9	40001827	-9	0	4.772605e-03	2.084328e-02	3.188000e-01
-9	40873453	-9	0	-2.281071e-03	-6.447950e-03	2.977000e-01
-9	158586511	-9	0	-1.750460e-03	-6.183066e-03	3.027700e-01
-9	160910195	-9	0	-1.012045e-02	-3.292630e-02	3.794900e-01
-9	175699243	-9	0	9.150276e-03	5.923777e-02	5.316500e-01
-9	95311010	-9	0	3.760413e-03	2.048222e-02	3.842800e-01
-9	71772272	-9	0	-7.391700e-03	-4.986304e-02	5.059100e-01
-9	183622451	-9	0	2.182365e-03	2.126117e-02	4.533500e-01
-9	74942659	-9	0	7.970290e-03	7.102734e-02	5.738000e-01
-9	78739795	-9	0	6.284038e-03	5.200990e-02	4.956800e-01
-9	183781869	-9	0	4.360467e-03	3.160265e-02	4.084700e-01
-9	146757778	-9	0	1.379845e-02	7.832360e-02	7.351100e-01
-9	175460165	-9	0	-4.264573e-03	-5.106665e-03	2.986000e-01
-9	40820681	-9	0	8.557846e-03	8.852888e-02	9.920100e-01
-9	71633128	-9	0	-5.320000e-04	-8.417366e-03	3.646100e-01
-9	71807932	-9	0	-1.351509e-03	-1.072478e-02	3.445800e-01
-9	183627875	-9	0	2.182365e-03	2.109138e-02	4.636800e-01
-9	183236434	-9	0	-8.565803e-05	-1.411496e-03	3.428200e-01
-9	183329015	-9	0	7.055141e-03	5.508380e-02	5.189300e-01
-9	57190828	-9	0	1.195490e-02	1.328958e-01	9.946300e-01
-9	183741582	-9	0	3.011609e-04	1.248386e-03	3.759300e-01
-9	67493083	-9	0	3.326452e-03	7.573532e-03	2.179600e-01
-9	183382916	-9	0	6.955126e-03	2.167762e-02	3.000600e-01
-9	9405587	-9	0	-2.729754e-03	-1.150260e-02	3.438700e-01
-9	173412048	-9	0	-1.022595e-02	-1.061792e-01	9.895400e-01
-9	175345386	-9	0	-1.271659e-02	-1.294485e-01	9.282400e-01
-9	175376469	-9	0	2.077735e-03	9.847393e-03	3.218800e-01
-9	35453860	-9	0	1.109878e-02	4.361660e-02	4.327600e-01
-9	52873579	-9	0	4.647478e-03	1.982874e-02	3.484400e-01
-9	95415092	-9	0	1.157264e-02	1.086669e-01	9.242900e-01
-9	175621454	-9	0	-1.279436e-02	-1.039473e-01	8.100800e-01
-9	9396641	-9	0	-9.651161e-03	-5.558979e-02	4.817900e-01
-9	113487555	-9	0	-7.376473e-03	-2.281935e-02	3.038800e-01
-9	57216054	-9	0	-8.513849e-03	-4.033887e-02	3.899300e-01
-9	175481472	-9	0	9.273994e-03	4.436004e-02	4.943400e-01
-9	40007192	-9	0	-9.628649e-03	-9.250091e-02	6.499600e-01
-9	173422964	-9	0	1.186469e-02	9.072534e-02	8.749000e-01
-9	180942693	-9	0	-3.931561e-03	-2.000694e-02	3.785800e-01
-9	71732521	-9	0	-1.210194e-02	-6.465628e-02	6.283300e-01
-9	67467496	-9	0	-1.322110e-02	-5.665145e-02	5.606500e-01
-9	100382266	-9	0	-1.127340e-02	-6.588836e-02	5.583800e-01
-9	46021605	-9	0	3.837757e-03	6.816225e-03	2.952700e-01
-9	68298977	-9	0	-1.172963e-02	-1.289016e-01	9.965800e-01
-9	40835280	-9	0	1.121266e-02	9.744701e-02	9.305800e-01
-9	40008370	-9	0	-1.220321e-02	-6.927557e-02	6.588200e-01
-9	243378396	-9	0	8.711222e-03	2.553389e-02	3.174500e-01
-9	95403929	-9	0	-1.215934e-02	-9.523503e-02	8.094400e-01
-9	183245792	-9	0	3.099457e-04	1.598274e-03	2.885200e-01
-9	38271349	-9	0	-1.074259e-02	-1.058632e-01	9.737800e-01
-9	50644495	-9	0	7.563890e-03	5.915934e-02	5.458800e-01
-9	175682484	-9	0	-9.658867e-03	-6.491690e-02	5.221700e-01
-9	247009263	-9	0	1.791382e-03	1.214686e-02	3.421600e-01
-9	36788738	-9	0	1.476427e-02	3.987773e-02	4.396800e-01
-9	53290239	-9	0	1.620277e-02	5.817039e-02	6.774700e-01
-9	9365568	-9	0	1.138078e-02	8.415316e-02	7.033400e-01
-9	183869871	-9	0	5.441515e-03	2.468932e-02	3.438500e-01
-9	243332293	-9	0	-1.132386e-02	-7.210884e-02	6.132600e-01
-9	183700877	-9	0	3.951697e-03	2.845228e-02	3.985000e-01
-9	57229719	-9	0	8.662952e-03	2.783002e-02	3.450800e-01
-9	43904920	-9	0	1.115353e-02	1.249585e-01	1.000000e+00
-9	71674716	-9	0	5.641681e-03	5.123622e-02	4.664700e-01
-9	38272214	-9	0	1.261529e-02	4.486589e-02	3.942800e-01
-9	24853014	-9	0	-1.013595e-02	-7.330476e-02	5.865700e-01
-9	46549401	-9	0	8.012165e-03	4.396531e-02	4.368700e-01
-9	32406840	-9	0	1.586798e-02	1.797882e-01	9.975300e-01
-9	183622634	-9	0	2.182365e-03	2.141526e-02	4.467900e-01
-9	146758820	-9	0	-4.699199e-03	-2.009493e-02	3.798900e-01
-9	100360549	-9	0	3.074899e-03	1.839966e-02	3.980100e-01
-9	32090621	-9	0	1.059797e-02	6.781604e-02	6.117400e-01
-9	50554390	-9	0	1.706890e-02	3.687236e-02	3.965500e-01
-9	114757749	-9	0	-1.100905e-02	-6.326010e-02	6.273200e-01
-9	68288738	-9	0	-4.663641e-03	-1.700825e-02	3.068800e-01
-9	169341719	-9	0	-1.096679e-02	-1.120181e-01	7.593800e-01
-9	29556830	-9	0	-2.578137e-03	-1.072187e-02	3.409200e-01
-9	247032592	-9	0	-9.510062e-03	-5.958061e-02	5.002200e-01
-9	115613397	-9	0	-1.175271e-02	-1.020153e-01	8.150100e-01
-9	169362003	-9	0	-1.113318e-02	-1.256079e-01	9.989500e-01
-9	46506684	-9	0	-2.994569e-03	-1.218819e-02	3.360500e-01
-9	183745373	-9	0	-4.857636e-03	-4.097971e-02	4.550500e-01
-9	17178414	-9	0	1.615593e-02	4.362579e-02	4.920600e-01
-9	247072837	-9	0	-1.123679e-02	-9.596559e-02	7.698500e-01
-9	113473665	-9	0	8.645178e-03	8.272134e-02	6.705200e-01
-9	183290468	-9	0	1.507355e-02	5.249710e-02	5.462400e-01
-9	160903915	-9	0	1.246889e-02	8.409618e-02	8.888100e-01
-9	183839733	-9	0	4.808035e-03	3.135613e-02	4.402500e-01
-9	78749453	-9	0	-5.924929e-03	-2.853477e-02	4.052900e-01
-9	40839545	-9	0	1.359999e-02	4.398425e-02	4.419300e-01
-9	183733791	-9	0	-9.770554e-04	-7.296145e-03	4.148100e-01
-9	40165788	-9	0	-2.270910e-03	-5.143323e-03	3.303900e-01
-9	158634601	-9	0	8.568032e-03	5.962386e-02	4.967300e-01
-9	175435077	-9	0	-5.647382e-03	-2.218107e-02	3.456600e-01
-9	33315992	-9	0	1.355624e-03	7.558869e-03	3.766400e-01
-9	146732628	-9	0	1.732472e-03	1.045353e-02	3.465300e-01
-9	155608258	-9	0	1.333983e-02	7.042783e-02	8.501000e-01
-9	158609548	-9	0	1.095135e-02	7.861025e-02	6.601400e-01
-9	183643315	-9	0	-9.477276e-04	-9.432915e-03	4.356500e-01
-9	175298245	-9	0	1.055480e-02	5.545696e-02	4.970300e-01
-9	183682995	-9	0	3.405823e-03	3.068495e-02	4.426600e-01
-9	158628433	-9	0	-4.358946e-04	-2.081195e-03	2.995700e-01
-9	183657456	-9	0	2.186286e-03	2.037485e-02	4.393500e-01
-9	43914285	-9	0	3.573944e-03	1.058661e-02	2.657000e-01
-9	175682650	-9	0	-1.210893e-02	-1.232222e-01	9.092900e-01
-9	183819333	-9	0	-1.003833e-02	-3.072976e-02	3.783600e-01
-9	247095017	-9	0	-2.500566e-03	-1.020377e-02	2.805000e-01
-9	183663776	-9	0	-9.167723e-04	-7.110461e-03	3.750700e-01
-9	167203956	-9	0	1.693395e-03	2.969190e-03	2.642200e-01
-9	222753406	-9	0	4.003374e-03	1.364443e-02	3.377600e-01
-9	33301689	-9	0	3.549960e-03	1.648561e-02	3.742200e-01
-9	188495494	-9	0	1.263219e-02	6.539738e-02	6.279900e-01
-9	40193809	-9	0	-3.095487e-03	-2.611533e-02	4.255900e-01
-9	67895286	-9	0	7.830212e-03	2.397177e-02	3.700600e-01
-9	151737924	-9	0	1.057355e-02	1.160842e-01	1.000000e+00
-9	183325295	-9	0	6.118405e-03	3.534415e-02	4.320900e-01
-9	100332480	-9	0	2.328184e-03	1.149891e-02	2.958400e-01
-9	222739765	-9	0	3.139262e-03	8.417102e-03	2.943500e-01
-9	28282287	-9	0	6.201979e-03	3.292687e-02	3.884600e-01
-9	188479940	-9	0	4.162812e-03	2.606575e-02	4.257200e-01
-9	247025146	-9	0	5.223041e-03	3.130436e-02	4.137600e-01
-9	57275490	-9	0	4.890150e-03	1.472012e-02	2.954800e-01
-9	175303236	-9	0	1.143614e-02	1.042555e-01	8.874300e-01
-9	180919023	-9	0	5.256857e-03	2.835521e-02	3.732800e-01
-9	247091420	-9	0	-1.263576e-02	-4.206917e-02	4.180400e-01
-9	53291482	-9	0	6.072040e-03	1.179734e-02	2.619400e-01
-9	68255836	-9	0	6.186440e-03	1.865906e-02	3.160200e-01
-9	24747306	-9	0	-2.761645e-03	-1.810496e-02	3.962400e-01
-9	183849084	-9	0	2.987201e-03	1.082044e-02	2.950600e-01
-9	183325281	-9	0	7.625231e-03	5.835161e-02	5.022800e-01
-9	180934343	-9	0	8.744562e-03	1.949788e-02	3.008900e-01
-9	29555482	-9	0	5.178678e-03	2.051802e-02	3.187300e-01
-9	247048147	-9	0	7.152345e-04	3.694031e-03	3.234600e-01
-9	175342325	-9	0	8.441722e-04	4.814126e-03	3.328200e-01
-9	183622655	-9	0	2.182365e-03	2.164286e-02	4.495700e-01
-9	175545918	-9	0	-6.382811e-03	-3.015941e-02	3.799000e-01
-9	183667574	-9	0	-4.428796e-04	-4.056927e-03	4.376000e-01
-9	169364091	-9	0	-1.285922e-02	-7.842744e-02	6.976900e-01
-9	71743234	-9	0	5.954699e-03	3.151801e-02	3.782800e-01
-9	247063506	-9	0	2.593068e-03	2.202987e-02	4.121800e-01
-9	78739549	-9	0	5.774480e-03	4.629579e-02	4.723000e-01
-9	244825799	-9	0	-3.631772e-03	-2.033032e-02	3.819900e-01
-9	40878673	-9	0	-5.237897e-03	-2.501991e-02	3.349800e-01
-9	247036531	-9	0	2.062628e-03	1.474870e-02	3.888500e-01
-9	156132685	-9	0	-6.701224e-04	-2.020836e-03	3.052400e-01
-9	175451226	-9	0	-4.262618e-03	-1.432197e-02	3.627000e-01
-9	111198049	-9	0	-1.184196e-02	-6.773453e-02	5.785400e-01
-9	243290270	-9	0	-8.925810e-03	-6.366340e-02	5.283500e-01
-9	46022304	-9	0	4.254219e-03	9.774182e-03	2.762200e-01
-9	151131061	-9	0	8.634063e-03	3.486066e-02	3.688700e-01
-9	173418899	-9	0	8.259622e-03	3.832573e-02	4.094000e-01
-9	175658259	-9	0	6.366839e-03	2.450562e-02	3.655300e-01
-9	175591193	-9	0	-2.524184e-03	-1.026408e-02	2.972800e-01
-9	78799007	-9	0	-1.512735e-02	-6.096962e-02	6.900400e-01
-9	175298410	-9	0	4.868353e-03	3.704434e-02	4.006400e-01
-9	167296514	-9	0	1.540165e-05	3.070961e-04	3.449000e-01
-9	247020452	-9	0	-9.786580e-03	-6.125445e-02	4.959800e-01
-9	50573982	-9	0	7.859751e-03	4.815133e-02	4.755800e-01
-9	67508681	-9	0	8.961296e-03	4.942804e-02	4.447700e-01
-9	95399919	-9	0	-1.305237e-03	-4.482735e-03	2.414600e-01
-9	95312956	-9	0	2.550732e-03	9.523642e-03	2.967700e-01
-9	244864047	-9	0	-1.199369e-02	-3.278013e-02	3.832800e-01
-9	57199664	-9	0	-2.602035e-03	-8.115425e-03	2.783900e-01
-9	35492235	-9	0	-7.112462e-03	-5.028214e-02	4.576400e-01
-9	78730065	-9	0	-6.919022e-03	-4.054629e-02	4.105200e-01
-9	226339829	-9	0	1.163682e-02	3.204370e-02	3.564700e-01
-9	180926542	-9	0	1.469542e-02	6.343258e-02	6.863400e-01
-9	247064237	-9	0	3.894457e-03	2.737257e-02	3.892400e-01
-9	71953948	-9	0	6.185814e-03	2.002626e-02	3.144700e-01
-9	175529914	-9	0	-1.464348e-03	-4.703448e-03	3.117200e-01
-9	175445052	-9	0	-1.382942e-02	-4.892168e-02	4.764400e-01
-9	243373186	-9	0	7.476452e-03	3.462637e-02	3.974800e-01
-9	175616524	-9	0	6.057445e-03	5.057718e-02	4.590200e-01
-9	46547030	-9	0	7.534102e-05	-9.514614e-04	3.393800e-01
-9	183868924	-9	0	-1.075689e-02	-7.587054e-02	6.274800e-01
-9	167361216	-9	0	-2.750409e-03	-2.134449e-02	4.085600e-01
-9	247027876	-9	0	1.268125e-02	6.577271e-02	6.201900e-01
-9	183839007	-9	0	5.598343e-03	3.563916e-02	4.167000e-01
-9	247013271	-9	0	3.538790e-03	1.774458e-02	3.579500e-01
-9	183689087	-9	0	3.405823e-03	3.072636e-02	4.230400e-01
-9	243376609	-9	0	6.563976e-03	2.868429e-02	3.743000e-01
-9	183330476	-9	0	6.163115e-03	3.494608e-02	4.159200e-01
-9	115614087	-9	0	3.043726e-03	1.842009e-02	3.812800e-01
-9	71935838	-9	0	8.835893e-05	-4.318963e-04	2.751300e-01
-9	68199230	-9	0	-8.393654e-05	-8.970163e-04	2.745700e-01
-9	167317630	-9	0	2.178050e-03	2.024068e-02	4.464000e-01
-9	158591733	-9	0	1.324856e-02	1.388760e-01	9.463300e-01
-9	67495786	-9	0	-1.220273e-02	-4.841153e-02	4.880000e-01
-9	177672949	-9	0	-1.395189e-02	-3.691626e-02	4.285200e-01
-9	183611235	-9	0	-6.766639e-03	-5.146309e-02	4.810900e-01
-9	167225199	-9	0	-1.791437e-03	-1.445203e-02	4.104900e-01
-9	213141592	-9	0	1.230576e-02	5.025171e-02	4.671000e-01
-9	68210966	-9	0	-6.547457e-03	-2.153305e-02	3.161700e-01
-9	68235113	-9	0	9.560920e-03	2.717659e-02	3.301600e-01
-9	175362231	-9	0	-7.689376e-03	-2.850960e-02	3.570300e-01
-9	154517793	-9	0	-9.532919e-03	-7.228076e-02	6.010700e-01
-9	247053553	-9	0	2.062628e-03	1.559804e-02	4.073100e-01
-9	110543754	-9	0	-1.098988e-02	-3.954054e-02	4.088900e-01
-9	9362248	-9	0	1.428141e-02	5.855242e-02	6.104300e-01
-9	46612674	-9	0	-1.304006e-02	-5.218669e-02	5.080700e-01
-9	50517463	-9	0	7.220268e-03	5.583023e-02	4.907400e-01
-9	70686239	-9	0	1.033587e-02	5.505182e-02	4.665500e-01
-9	183849483	-9	0	-6.066496e-03	-4.564475e-02	4.651400e-01
-9	244827599	-9	0	8.342384e-04	6.637209e-03	3.515500e-01
-9	188489510	-9	0	6.810267e-03	4.498581e-02	4.401800e-01
-9	244817388	-9	0	8.211862e-03	4.504713e-02	4.218600e-01
-9	175473560	-9	0	-2.830453e-03	-6.954353e-03	2.863100e-01
-9	175590884	-9	0	1.600599e-03	3.851144e-03	2.816000e-01
-9	158646608	-9	0	4.615437e-03	3.410582e-02	4.259900e-01
-9	40887808	-9	0	-1.433982e-03	-4.933413e-03	2.847000e-01
-9	52874648	-9	0	-1.475411e-02	-6.027982e-02	6.897600e-01
-9	40206134	-9	0	1.582259e-03	1.649001e-02	4.048700e-01
-9	175485233	-9	0	9.762076e-04	6.226770e-03	3.415900e-01
-9	100337771	-9	0	8.990297e-03	6.763923e-02	5.573700e-01
-9	183260737	-9	0	9.494934e-03	3.775648e-02	3.880200e-01
-9	175397866	-9	0	1.043422e-02	6.212279e-02	5.452200e-01
-9	167321319	-9	0	2.178050e-03	1.866632e-02	4.454800e-01
-9	156132042	-9	0	9.480050e-03	5.394941e-02	4.891000e-01
-9	175516392	-9	0	-3.189923e-03	-1.910811e-02	3.530600e-01
-9	175446293	-9	0	-1.056431e-02	-5.256996e-02	5.078200e-01
-9	71636993	-9	0	1.471264e-03	5.184531e-03	3.365500e-01
-9	67877834	-9	0	1.471993e-02	2.926386e-02	3.195600e-01
-9	183828836	-9	0	1.168295e-02	5.851785e-02	5.491200e-01
-9	244846494	-9	0	-1.159986e-02	-7.513487e-02	6.649900e-01
-9	68181421	-9	0	1.241964e-02	4.009199e-02	4.058600e-01
-9	175570819	-9	0	1.244049e-03	5.711913e-03	3.227400e-01
-9	183235869	-9	0	-3.456771e-03	-1.152488e-02	3.159600e-01
-9	59526542	-9	0	6.305833e-03	3.261608e-02	3.840400e-01
-9	9376544	-9	0	1.074550e-02	8.142069e-02	6.316500e-01
-9	29528957	-9	0	1.320150e-02	6.080442e-02	5.814300e-01
-9	175563723	-9	0	3.114158e-03	1.563981e-02	3.449500e-01
-9	160915144	-9	0	-8.699883e-03	-2.843926e-02	3.553000e-01
-9	175395538	-9	0	7.954183e-03	6.063134e-02	4.867000e-01
-9	172392837	-9	0	-1.187652e-03	-3.186715e-03	2.820500e-01
-9	247040304	-9	0	2.105777e-03	1.453475e-02	3.897200e-01
-9	40211378	-9	0	4.607796e-03	2.186737e-02	3.241300e-01
-9	183818541	-9	0	1.315210e-02	6.212531e-02	7.484000e-01
-9	183854900	-9	0	4.557311e-03	2.772129e-02	4.191300e-01
-9	78742453	-9	0	5.349632e-03	4.193679e-02	4.479100e-01
-9	71639152	-9	0	5.679977e-03	2.975700e-02	3.854700e-01
-9	146762602	-9	0	-3.417359e-03	-1.818253e-02	3.541600e-01
-9	71938193	-9	0	-3.412561e-03	-1.759017e-02	3.362900e-01
-9	46536541	-9	0	-4.769134e-03	-1.966823e-02	3.179200e-01
-9	247008689	-9	0	-3.994946e-03	-2.315902e-02	3.623500e-01
-9	175662096	-9	0	-2.359111e-03	-1.204314e-02	3.435800e-01
-9	68170817	-9	0	-5.348940e-03	-2.969571e-02	4.017400e-01
-9	244865207	-9	0	-8.466461e-03	-1.999761e-02	3.250600e-01
-9	35456915	-9	0	-1.549008e-03	-4.943902e-03	2.682200e-01
-9	175712768	-9	0	-1.572720e-02	-3.758375e-02	4.329100e-01
-9	46543211	-9	0	-3.170563e-03	-7.609802e-03	2.786000e-01
-9	172393809	-9	0	-4.353227e-03	-1.204048e-02	2.806600e-01
-9	156765620	-9	0	-1.608213e-02	-4.904466e-02	5.391000e-01
-9	40817247	-9	0	-7.489595e-03	-1.959809e-02	3.125300e-01
-9	52874824	-9	0	2.144790e-03	1.621756e-02	3.859200e-01
-9	57204361	-9	0	-8.504694e-03	-5.358134e-02	4.641700e-01
-9	247081160	-9	0	-6.045628e-03	-4.639630e-02	4.667100e-01
-9	50556195	-9	0	6.147571e-04	2.065806e-03	4.048200e-01
-9	53228393	-9	0	-1.623380e-03	-7.200599e-03	3.324300e-01
-9	56404450	-9	0	-4.130661e-03	-2.141614e-02	4.023500e-01
-9	78766940	-9	0	-6.019834e-03	-2.755466e-02	3.863900e-01
-9	197013024	-9	0	-1.449865e-02	-4.097564e-02	4.303300e-01
-9	160001653	-9	0	-9.040728e-03	-1.088578e-02	2.224000e-01
-9	52884750	-9	0	-2.667152e-04	2.627299e-04	3.768700e-01
-9	169359305	-9	0	4.752321e-03	2.114503e-02	3.562700e-01
-9	33294596	-9	0	2.168592e-03	1.008280e-02	2.972700e-01
-9	68257241	-9	0	4.761171e-03	1.661507e-02	3.087100e-01
-9	167281127	-9	0	-1.777376e-03	-1.404049e-02	4.106100e-01
-9	95307105	-9	0	7.501830e-03	3.670457e-02	4.314100e-01
-9	213138200	-9	0	7.002400e-03	3.516598e-02	4.001000e-01
-9	57253716	-9	0	-9.349308e-03	-3.812862e-02	3.789300e-01
-9	175338506	-9	0	-4.643144e-03	-2.303753e-02	3.668700e-01
-9	244818589	-9	0	-6.899152e-03	-1.990495e-02	2.634500e-01
-9	68179320	-9	0	-4.766170e-04	-5.525530e-04	3.144700e-01
-9	175618395	-9	0	1.555165e-04	4.384496e-03	3.683500e-01
-9	71743034	-9	0	2.647719e-03	1.112525e-02	3.444600e-01
-9	172435169	-9	0	3.104700e-03	1.538554e-02	3.255300e-01
-9	238049972	-9	0	1.218099e-02	1.103074e-01	9.044600e-01
-9	183811235	-9	0	1.105353e-02	6.186731e-02	5.243200e-01
-9	158635379	-9	0	6.226803e-03	4.805801e-02	5.029000e-01
-9	71945129	-9	0	-7.392757e-03	-2.493116e-02	3.743000e-01
-9	71627952	-9	0	-4.201699e-03	-1.809166e-02	3.314400e-01
-9	9406233	-9	0	5.075809e-03	4.371627e-03	2.590900e-01
-9	175376282	-9	0	-8.108249e-03	-4.485011e-02	4.405500e-01
-9	175342472	-9	0	1.235419e-02	7.714097e-02	6.832100e-01
-9	244865151	-9	0	2.924201e-04	1.791773e-03	3.159500e-01
-9	244834879	-9	0	-1.467239e-03	-9.514501e-03	3.654000e-01
-9	156136394	-9	0	-4.936885e-03	-2.110236e-02	3.460600e-01
-9	175406547	-9	0	7.973454e-03	3.545049e-02	3.573400e-01
-9	247179697	-9	0	-2.726385e-03	-5.499890e-03	2.323400e-01
-9	40883580	-9	0	-5.263877e-03	-1.484574e-02	3.154300e-01
-9	156761836	-9	0	-3.517895e-03	-1.089233e-02	2.806400e-01
-9	78831451	-9	0	8.901402e-04	3.413544e-03	3.279700e-01
-9	57261384	-9	0	8.052640e-03	3.919684e-02	4.090800e-01
-9	183376068	-9	0	-8.478866e-03	-3.020067e-02	3.469300e-01
-9	24752868	-9	0	3.332870e-04	1.415418e-03	2.788300e-01
-9	46606846	-9	0	-4.756578e-03	-2.476554e-02	3.975700e-01
-9	175370443	-9	0	-2.003978e-03	-7.832132e-03	3.217100e-01
-9	71559936	-9	0	1.429369e-03	4.080944e-03	2.630400e-01
-9	156117962	-9	0	-3.228089e-03	-1.596885e-02	3.500100e-01
-9	50602985	-9	0	2.227197e-03	1.360904e-02	3.366400e-01
-9	156754701	-9	0	2.388821e-03	1.767056e-02	4.120300e-01
-9	175488368	-9	0	1.100468e-02	5.601684e-02	5.529800e-01
-9	71568347	-9	0	2.732578e-03	9.383750e-03	2.956700e-01
-9	244831893	-9	0	5.337904e-04	6.306367e-03	3.817000e-01
-9	183841425	-9	0	-1.068431e-02	-8.769480e-02	7.129300e-01
-9	247048824	-9	0	3.343773e-03	2.440622e-02	4.184500e-01
-9	183681102	-9	0	3.405823e-03	3.021818e-02	4.337300e-01
-9	183705265	-9	0	-2.003689e-03	-1.469636e-02	4.037300e-01
-9	183612963	-9	0	-5.357975e-03	-3.012772e-02	3.959500e-01
-9	24751880	-9	0	1.184274e-04	2.974440e-04	2.974800e-01
-9	183339966	-9	0	2.800709e-03	1.779630e-02	4.447500e-01
-9	40183026	-9	0	-5.256025e-03	-1.782124e-02	3.293900e-01
-9	183867898	-9	0	-6.671905e-03	-4.469337e-02	4.547300e-01
-9	24858706	-9	0	9.708989e-03	2.982427e-02	3.626000e-01
-9	68171474	-9	0	2.653134e-03	2.211957e-02	4.150100e-01
-9	46621694	-9	0	1.181281e-02	4.019082e-02	4.238400e-01
-9	247043073	-9	0	-2.054911e-03	-1.535041e-02	3.817600e-01
-9	33286344	-9	0	-2.896163e-03	-1.755166e-02	3.441700e-01
-9	57199110	-9	0	2.007422e-03	7.591722e-03	3.035400e-01
-9	167269640	-9	0	3.552706e-03	2.811247e-02	4.303000e-01
-9	173422208	-9	0	2.294284e-03	1.488513e-02	3.441000e-01
-9	40226003	-9	0	-3.668352e-03	-3.220594e-02	4.254400e-01
-9	40007582	-9	0	-2.099733e-04	-4.525836e-03	3.234400e-01
-9	33271825	-9	0	5.284792e-03	1.971049e-02	3.469200e-01
-9	175696820	-9	0	-1.387930e-02	-4.535439e-02	4.443800e-01
-9	71732519	-9	0	6.743661e-03	3.233865e-02	3.629200e-01
-9	78703572	-9	0	1.973978e-03	9.266612e-03	3.310200e-01
-9	183645227	-9	0	-1.256718e-03	-1.187954e-02	4.310100e-01
-9	71822020	-9	0	6.855304e-03	3.155335e-02	3.802800e-01
-9	158641454	-9	0	7.845765e-03	5.503019e-02	4.816400e-01
-9	35459008	-9	0	-4.296479e-03	-2.749794e-02	4.440800e-01
-9	100382940	-9	0	5.914841e-04	7.158324e-03	3.739000e-01
-9	46523800	-9	0	-6.945504e-03	-3.224965e-02	3.353300e-01
-9	175289040	-9	0	-3.845692e-03	-1.469585e-02	3.245700e-01
-9	175702400	-9	0	3.332509e-03	1.831116e-02	4.173200e-01
-9	100331893	-9	0	1.467353e-02	6.226670e-02	7.334400e-01
-9	50577571	-9	0	4.965362e-03	3.293012e-02	4.304000e-01
-9	183675358	-9	0	1.862059e-03	1.670085e-02	4.490300e-01
-9	71773830	-9	0	-1.165956e-04	1.301617e-03	3.871900e-01
-9	46520455	-9	0	1.048400e-03	3.373420e-03	3.446500e-01
-9	183749628	-9	0	1.881650e-03	1.311622e-02	3.750800e-01
-9	53281454	-9	0	8.110775e-03	4.415778e-02	4.672100e-01
-9	50527506	-9	0	5.848482e-03	2.851633e-02	3.746300e-01
-9	183672550	-9	0	-1.175779e-03	-1.210507e-02	3.913500e-01
-9	180919774	-9	0	1.390220e-02	5.901159e-02	5.932400e-01
-9	33276014	-9	0	1.511801e-02	6.122157e-02	6.134500e-01
-9	110534540	-9	0	-4.942918e-03	-1.392868e-02	2.921000e-01
-9	68176557	-9	0	-1.184892e-02	-6.544476e-02	5.763800e-01
-9	211812710	-9	0	-8.828631e-03	-1.257982e-02	2.667000e-01
-9	95305287	-9	0	4.840298e-04	-2.549208e-04	3.152000e-01
-9	115628762	-9	0	1.474426e-02	6.845798e-02	7.121800e-01
-9	175654472	-9	0	9.036463e-04	-5.253085e-03	3.419300e-01
-9	183618305	-9	0	-1.636682e-03	-8.392692e-03	3.733900e-01
-9	71945431	-9	0	-4.927315e-03	-1.201313e-02	3.099400e-01
-9	247019864	-9	0	1.268562e-02	8.108520e-02	6.828700e-01
-9	71834462	-9	0	-1.345315e-02	-5.583859e-02	5.405700e-01
-9	67497049	-9	0	-1.114773e-02	-9.902347e-02	9.186700e-01
-9	175582362	-9	0	1.254536e-03	7.412728e-03	3.471700e-01
-9	53234436	-9	0	1.136713e-03	5.336899e-03	3.502800e-01
-9	35475956	-9	0	-6.768382e-03	-3.461435e-02	3.894600e-01
-9	33309362	-9	0	8.921329e-03	3.698023e-02	3.997400e-01
-9	183842266	-9	0	-3.173446e-03	-1.519470e-02	3.403100e-01
-9	50609368	-9	0	2.830956e-03	8.749326e-03	3.086100e-01
-9	183684556	-9	0	-8.647597e-03	-7.246361e-02	5.747300e-01
-9	175372685	-9	0	-8.299484e-03	-4.561392e-02	4.561600e-01
-9	78697906	-9	0	-1.274172e-02	-3.392170e-02	3.705200e-01
-9	173391947	-9	0	1.199225e-02	3.539906e-02	3.687300e-01
-9	160902873	-9	0	3.098818e-03	1.358343e-02	3.226200e-01
-9	175627865	-9	0	-9.609561e-03	-4.285258e-02	4.635400e-01
-9	68197130	-9	0	1.204752e-02	7.743572e-02	8.135300e-01
-9	9376479	-9	0	1.167013e-02	2.869738e-02	3.387100e-01
-9	188501546	-9	0	9.860579e-03	4.731376e-02	5.018200e-01
-9	183611144	-9	0	-4.407328e-03	-3.047528e-02	4.420200e-01
-9	40882663	-9	0	5.795699e-03	2.529384e-02	3.245500e-01
-9	247045670	-9	0	-7.165762e-03	-4.147718e-02	4.126300e-01
-9	43906619	-9	0	-5.010336e-03	-2.364129e-02	3.492300e-01
-9	175678219	-9	0	1.094796e-02	3.014388e-02	3.428300e-01
-9	180913707	-9	0	8.258055e-03	1.212109e-02	2.069400e-01
-9	35455574	-9	0	-1.459036e-02	-5.464255e-02	5.668900e-01
-9	146756711	-9	0	1.341850e-02	5.409792e-02	4.983200e-01
-9	175549409	-9	0	-1.034901e-03	-4.662345e-03	3.466300e-01
-9	183860219	-9	0	5.133499e-03	2.344084e-02	3.455500e-01
-9	175306535	-9	0	-4.871558e-03	-1.943067e-02	3.389600e-01
-9	53269842	-9	0	8.529695e-03	4.682702e-02	4.167500e-01
-9	40880672	-9	0	-1.429983e-02	-4.435224e-02	4.448400e-01
-9	57217964	-9	0	4.174809e-03	2.251736e-02	3.497000e-01
-9	71684369	-9	0	-1.510923e-03	-6.509188e-03	3.558000e-01
-9	40158063	-9	0	-1.466981e-02	-5.964398e-02	6.218200e-01
-9	247021032	-9	0	3.353143e-03	1.944852e-02	4.147200e-01
-9	183756533	-9	0	5.462570e-03	3.112152e-02	4.063800e-01
-9	50588650	-9	0	7.812490e-03	3.988060e-02	4.390500e-01
-9	40877123	-9	0	-8.320709e-03	-3.047051e-02	3.558600e-01
-9	43857568	-9	0	5.485741e-03	2.706885e-02	3.599400e-01
-9	167201584	-9	0	1.109303e-03	9.652412e-03	4.028300e-01
-9	71654910	-9	0	2.835955e-03	1.146060e-02	2.997100e-01
-9	154515287	-9	0	4.029296e-03	3.520620e-02	4.305500e-01
-9	183640850	-9	0	-1.256718e-03	-1.181261e-02	4.040900e-01
-9	183666452	-9	0	3.226891e-04	2.964164e-03	4.221000e-01
-9	24855784	-9	0	-7.418083e-03	-4.856804e-02	4.730700e-01
-9	95316076	-9	0	1.653164e-02	5.192060e-02	5.870800e-01
-9	95418958	-9	0	-3.869506e-03	-2.317221e-02	4.146300e-01
-9	156753787	-9	0	2.388821e-03	1.731161e-02	3.807400e-01
-9	175581262	-9	0	-6.326867e-04	-4.716154e-03	3.512500e-01
-9	40884137	-9	0	2.232280e-03	1.008673e-02	2.939000e-01
-9	167223667	-9	0	-1.283865e-03	-1.003822e-02	3.881800e-01
-9	9407113	-9	0	1.348115e-02	4.039278e-02	4.175100e-01
-9	183341191	-9	0	3.305447e-03	1.882119e-02	3.694600e-01
-9	183624377	-9	0	1.070895e-02	7.345028e-02	6.230300e-01
-9	71823988	-9	0	7.780860e-03	2.950663e-02	3.530800e-01
-9	167313241	-9	0	1.032700e-02	6.633382e-02	5.916100e-01
