1.418011847022445693e+01
1.891024640437372284e+01
1.141720507932660666e+01
2.689193714487313969e+02
-1.456559145007215648e+02
2.392912416578806756e+02
2.586600629405072738e+01
-9.952459476475013389e+00
-3.993649752760840954e+01
3.932364458214543674e+02
-1.830130567979310854e+02
-6.075938514339920005e+01
1.062127786107152332e+02
5.819037510312377037e+01
-5.553962035648639528e+01
1.049557785324019790e+02
-5.543862136961652709e+01
-1.056073337903784619e+02
1.902440666765100730e+01
5.355252012945229012e+01
3.140321005283042837e+02
1.016112005297016623e+02
1.812380781921425523e+02
5.884125099461856223e+01
7.917803259671806870e+01
-3.427845045563994120e+01
-6.496430706649255171e+01
3.890119460619595770e+01
1.775778590972350344e+02
8.280265054575738759e+01
5.411993543948289442e+01
-5.267039508259016145e+01
-1.357365606211470777e+02
1.684482302002284371e+01
-1.228782424445689969e+00
3.054011135270562249e+01
1.362680326410784915e+02
1.484707636734276548e+02
7.239088316648428645e+01
4.569090816001335043e+01
-1.335792708352222462e+02
4.058326702533543084e+01
2.133574638873467961e+02
4.045351206617509376e+01
-1.637396840174742465e+02
-4.885631023526725869e+01
3.655940521019290372e+02
2.024151260552541203e+02
8.168401263577332827e+01
1.116822719642843964e+02
1.915419612341705715e+02
1.855990025578861946e+00
5.819402672484128658e+01
-1.739860353342209009e+01
1.983681067198830306e+02
1.446817866329593585e+02
1.850301550053412711e+02
-6.627350448325820764e+00
9.965094351813105789e+01
-8.238213679844584192e+01
3.752431010442554680e+02
5.504645147937478100e+01
3.554947044247380461e+01
2.262861289243434015e+01
3.302616379607580654e+01
4.184398865860943317e+01
6.944963973325154427e+01
2.419304855966814216e+02
-8.488695630043801543e+01
-1.582147425842659914e+02
-7.177620746144054920e+01
1.889570881649325429e+01
8.400314585939440803e+01
1.297475390014482741e+02
-2.703997286822228716e+02
-4.958933499068017170e+01
8.165280979760200353e+01
-3.704083438920491744e+00
-5.748366870904568771e+01
8.227307612173794382e+01
-9.804376114178879220e+00
-3.562491113289365785e+01
1.095467939550108127e+02
3.572371892845465169e+01
7.193741578872650422e+00
3.546646532911411498e+01
8.448763798622205456e+01
1.153643909537684493e+02
2.606632660155260623e+02
1.871006182344659692e+02
1.851873246407595843e+02
2.846646352853773365e+01
1.813693740023656460e+02
1.908042790468318231e+02
5.885718227461189400e+01
-7.510329081804158591e+00
2.694109106918585539e+01
-7.658472803484939107e+01
2.158573739209750215e+02
-6.647375996824122524e+01
1.478779316501664880e+02
7.561047498946692258e+01
-4.547980578906880567e+01
5.365952976770066130e+01
3.515248665934688006e+02
2.323941121769100846e+02
6.650705510346799088e+01
-3.204832001639876182e+01
1.441683211126919417e+01
6.850094379168777436e+01
-1.240094935841225521e+02
1.409896679462508473e+02
-1.788620893392416633e+01
5.895147572654997248e+01
2.724759278260258100e+01
1.289644522174002645e+02
-7.557279961893573272e+01
7.590575898583473702e+01
-2.150091877175434263e+00
1.248946084136729695e+02
2.586709107602614210e+01
2.142454200782751741e+02
1.270991895882346370e+02
-1.290038970564718852e+02
1.783484807767785014e+02
1.350378670805657748e+02
1.800193387882212619e+02
-8.212310901646281991e+01
-4.145705436670951372e+01
-2.602216599314932921e+01
-7.616054176487843108e+01
1.763119955510512114e+02
1.452255530122689606e+02
1.470159032993099686e+02
1.178745229864026101e+01
1.572456283534144461e+00
1.400850796029931189e+01
2.067637632688194458e+02
2.017926126016154171e+02
5.557707631740792920e+01
-5.803891337799105088e+01
1.785812230688463842e+02
8.287433703217502057e+01
-1.359329207451317245e+00
2.407297108685130524e+02
4.008637945845934070e+01
5.398466502788615884e+01
2.489202010094763864e+02
1.984760088720323665e+02
5.959631441396286533e+00
-1.051396929623700913e+02
1.969024368179341309e+02
1.691765319291113201e+02
1.274536482415139318e+02
-1.257898098324751714e+02
-5.163597096243775297e+01
-1.836815913029286662e+01
3.936668558839996024e+01
-3.878865943901341495e+01
8.782501521729676597e+01
2.649755398074819368e+01
3.809281648605322346e+01
-7.966827067482633140e+00
2.312262894573773053e+01
1.241577123970698864e+02
1.816294629813815504e+02
-2.900534293256836804e+01
2.358856730782538307e+02
-2.531623287186898210e+02
9.007583756145713494e+00
1.434843327881656023e+02
2.825710543602737630e+02
1.224771635667076879e+02
-4.560764882218754224e+01
-9.471308085475470762e+01
8.687720093134205968e+01
1.630326880081727126e+01
8.874249559144612931e+01
2.500902234331958240e+01
-2.466865261407809129e+01
-6.535732066804443718e+01
1.370898155923065929e+02
5.611118218180992301e+01
1.182654638900619375e+02
-1.111521718910052670e+02
7.901212234094997200e+01
9.473925005893840989e+01
2.553965864184892780e+02
3.273477326776624352e+01
1.587278115820570861e+02
5.481870759654726299e+01
2.618810692621078715e+02
2.416668756806897989e+01
1.113150660726838481e+01
-8.785121857209223606e+01
-7.569121865084017031e+01
6.325020650804952993e+01
1.200745522552135469e+02
6.448776910483192637e+01
-3.353893024890541597e+01
2.325485549487544290e+02
-2.218334445248761000e+01
2.118585772819455428e+02
-3.501666992673840184e+01
1.104013745649019995e+01
-7.442765360308102629e+01
-4.754007212078420253e+00
1.385134797680028669e+02
3.491270092793451454e+02
2.092067446745821826e+02
-8.532368962418780711e+01
2.276695423556764695e+02
1.106335002139857124e+02
-1.038330057740710544e+02
9.823321446648392907e+01
1.870679427466549782e+02
9.078996244654918257e+01
2.176659938667768870e+02
1.539358683795789489e+02
3.481391566906009416e+02
2.584136891857374394e+02
2.476419576036402077e+02
1.454062578405543320e+02
1.325503507913717272e+02
3.986661485696680529e+02
6.608099672238060407e+01
2.979498955828137241e+01
-8.649842034530911405e+01
9.254348458753607076e+01
1.883709036895250506e+02
2.065444591780513406e+02
1.177941237965966366e+02
3.173861174398154503e+02
1.380852701589889762e+02
-3.833300454227030230e+01
-1.772846649237449697e+02
1.037765090886570363e+01
4.417645842872995843e+01
5.372920066588183374e+01
-5.068820865011507237e+01
8.407679731838736359e+01
1.291996946546273080e+02
8.552515870976631618e+01
5.082430736008154781e+01
1.104911037104844098e+02
1.288950718644818778e+02
2.137826184010129964e+02
2.767362787658094589e+02
-1.009248260571038713e+01
1.524171916319164950e+02
1.987112282657260494e+02
-5.494357475040577299e+01
1.237960913668569134e+02
1.758644454631717622e+02
-5.944641365285980328e+01
2.552921101699847100e+02
3.406998691427848485e+02
1.232185336975048955e+02
9.177440700071113611e+01
1.979598415040035775e+02
-3.345548523071363434e+01
2.423325793076469949e+02
1.193979099111749349e+02
1.027867216676708466e+02
2.560084603393356701e+02
8.699936891878270728e+01
6.718350418201012531e+01
1.156820384254635030e+02
-7.347371564741506234e+01
4.432524428604588707e+02
1.551949096541538324e+02
3.083139582315950520e+02
2.080606218644014689e+02
3.863037392546776516e+01
7.687181062084960104e-01
6.032360442508027631e+01
3.031701292511465908e+02
1.278733457196061920e+02
1.852895545552896124e+02
-2.223574436318095593e+01
1.863025318002332398e+01
2.728643648153450840e+00
2.940153641842389902e+02
1.759075701207589191e+02
1.592643727983092390e+02
1.368068281196294436e+02
4.539498893024525472e+01
-2.756717311097298762e+01
4.858658571470668619e+01
1.534438006130168048e+02
4.920847257624357951e+01
1.635610671280390420e+02
1.201192746764712211e+02
3.106627215876115145e+01
2.164104535721646698e+02
1.412663651416539778e+02
2.706784127371615227e+02
-2.057603136945112965e+01
-2.891582231308248652e+00
3.810817725579689750e+02
-3.725114671767097718e+01
7.817323478511544010e+01
-2.469885562745585617e+01
-1.304905197261923604e+02
1.164529867075820846e+02
-5.830355423710105356e+01
6.384375068823608501e+01
1.435186908512294508e+02
-3.498449708789975432e+01
1.056853909199319759e+02
1.570979714160466187e+02
2.281255040552478022e+02
1.414522289774986916e+02
3.559226831103763971e+02
1.111131575400270179e+02
1.246706241864433622e+02
-1.142421419271348242e+02
-6.795389359663462869e+01
-2.667380820435991495e+01
1.656072039298697618e+01
4.783611340315002280e+01
1.726879256164832555e+01
1.380247876448708837e+02
2.811427541953326568e+02
3.034532329698449757e+02
9.443267674283900703e+01
1.359140764024792531e+02
1.357443690258677407e+02
1.329957162814100968e+02
1.471497517982869567e+02
2.370822970883295966e+02
-8.865602601113484127e+01
1.504793914356407072e+02
5.316253032217619534e+01
1.177705486892597690e+02
-2.085719265094595016e+02
-1.184712581016459865e+01
-1.765136260104270036e+02
-1.292518701117467117e+02
-9.872375162714060082e+01
1.840358690888766660e+02
6.411818605943686578e+00
-4.946221772553617768e+01
-4.475097217785858561e+01
-5.611351181353809636e+01
-3.171031643929302390e+01
2.510841801052317024e+01
4.262175742811809442e+01
-5.086554134003583272e+01
7.140857550328519210e+01
-1.266715484995495444e+01
1.619906474169683861e+02
1.450977423977307694e+02
1.004194247840792258e+02
-6.369222750902829944e+01
1.354480225966607350e+02
1.741121862062759078e+02
6.741021232153229903e+01
-7.016640726555945662e+01
-2.666128278891208936e+01
1.444307785429809883e+02
-1.706684788516407139e+02
2.975524877988696062e+02
6.447356496990698815e+01
1.113857714570725506e+02
1.634184252116103835e+02
-2.014290185254723156e+02
1.373884059114834599e+02
6.881076255837018607e+01
8.770631702174959798e+01
-1.268686666801838072e+02
1.960400303393864192e+02
-8.581012509681907829e+01
2.833973077583973463e+02
2.242933172767323526e+02
2.716691810992288652e+02
-7.399009759915782070e+01
-1.087940662866670181e+02
4.672714895650803868e+01
-1.514909691272640657e+01
-1.739776999597651042e+01
-1.011989568235036501e+02
6.409077581427013115e+01
1.200757233688871537e+02
-8.197780725636982879e+01
4.839839420795878766e+01
7.809644742852906063e+01
-1.109730489567561307e+01
1.502013262972299117e+02
-8.484029877487529347e+01
2.611478683028896057e+02
1.220894711967406181e+02
9.211229924816160519e+01
-1.293484664810357572e+02
2.008330185455998844e+02
-1.635634435689268003e+02
1.435761174230012216e+02
1.081052628414884396e+02
3.525936500589568823e+02
4.344830888366729482e+00
6.980445259437249206e+01
7.137919967413654376e+01
2.694087465051212007e+02
-7.837730710463833361e+01
2.844714142794644829e+01
-1.259232048171082141e+02
-1.320299117605262609e+02
1.728421157705332121e+02
2.360604938852943064e+02
3.677956754935185302e+01
1.792830450883009803e+02
1.745424995419402308e+02
2.517315699185335376e+01
-1.511932650414264003e+02
-9.937514660032216796e+01
-2.004184854504329394e+01
2.718453985156269823e+02
2.157610246780635066e+02
-1.391332890596488596e+02
-2.883200831262742270e+01
2.516971513099396418e+01
4.331184702414926591e+01
-7.492002004681658889e+01
2.446206970223724397e+02
2.888865226171246547e+01
1.416377778184664180e+02
1.732539906282707989e+02
1.100028470796828373e+02
5.185732718678001874e+01
9.727445681167434088e+01
3.140355315308845547e+02
1.320218904272736324e+02
-2.107352594193741169e+01
2.066655970905067079e+02
-6.533891003379929430e+01
1.730367760229382270e+02
1.205625938971807614e+02
2.210026538175092696e+02
1.602234524372792634e+02
6.493163021394904888e+01
-1.427018105947829554e+02
1.271525638032537415e+02
-3.067009247976810116e+01
1.290450885951772975e+01
-1.264520280624475816e+02
4.479383392341716785e+00
1.392596906287062950e+02
2.894884777934109366e+00
1.931266350382398400e+02
-3.910204857015816060e+01
2.088961673882752734e+02
1.526485094744868576e+01
-1.377757116189032445e+02
2.231566703904678093e+02
5.634967618929091770e+01
-9.073025009107674066e+01
1.752056347495019395e+02
8.855903018380121239e+01
-8.434961243936218978e+01
7.802274305136691623e+01
2.932446815584246735e+01
1.402944193506159536e+02
2.436485407420536831e+01
1.105715125407243278e+02
1.189852792921999054e+02
3.455649633632109641e+01
7.929358549568014780e+01
2.034172419894773611e+02
9.870318743075013401e+01
1.065259033006906151e+02
-2.527314448303430083e+01
1.762385329998595580e+02
2.564696377802679308e+02
4.746212428786726178e+01
2.796985549569980378e+01
-1.850657080352370940e+02
-4.553711126213893579e+01
1.726668256603560394e+02
8.642170740631021886e+01
1.092278373609779294e+02
-3.552090032279053844e+01
1.083542778573580421e+02
6.435761132484738312e+01
1.104996045160444709e+02
3.645681428467070191e+02
8.896484236826503889e+01
2.588252119393078488e+02
1.376477176806617990e+02
-9.017718675892682256e+01
5.552278211650420303e+01
1.564188935584811020e+02
1.312911649723135810e+01
1.040045171779639617e+02
7.437895444088553631e-01
3.274678197856361805e+01
1.607686476743704702e+02
-2.508508990123017952e+02
-7.570681540613290395e+01
-3.574983516058000532e+01
-5.031151682308816930e+01
1.137780571347615108e+02
-7.561084738818877327e+00
-6.122509914426473188e+01
9.741919261177426392e+01
5.036215044531566321e+00
-1.027927785263903075e+02
1.423265047236775160e+00
7.204626431208248505e+01
4.069991885193395831e+00
1.704453174293945494e+02
8.051741359625071937e+01
1.388176922920752077e+02
-6.377540490445252885e+01
1.334767458396515281e+02
3.839082037391045787e+01
-8.772156075927587437e+01
7.163735554491907465e+01
5.405617266036288981e+01
1.925298572409150779e+02
1.658190487103009332e+02
2.000640429481406102e+01
1.503475887203044579e+02
1.078774709902815374e+02
1.946590686761009010e+02
2.056216761592602893e+02
1.418026321774460143e+02
1.521009695187221666e+01
8.050611151550558020e+01
9.393107321771023521e+01
1.513080135698907043e+02
-1.058315849337063952e+01
1.603576407420784449e+02
1.199133365050335414e+02
9.035926971508499150e+01
9.922946211884253387e+01
2.661760780620265336e+02
1.679136505866182461e+02
-1.339115120802740648e+02
1.378638506920191560e+02
-1.164693536380661243e+02
2.027066368085228731e+01
-1.214555131579022458e+02
1.533881075516709132e+02
-2.423985956662841090e+02
5.007571364158792449e+00
1.163424739291305485e+02
2.193210790551484592e+02
1.712066720810603897e+02
1.197715706713619852e+02
7.649613199783192385e+01
-5.713734041122999940e+01
1.408086453099016353e+02
-2.112440878196990184e+02
2.440814363379545853e+02
-1.324729709756510942e+00
1.345565056379248858e+02
1.609919978081027807e+02
-1.365645936859023664e+02
1.522046650277196704e+02
2.039082689774677988e+02
2.920511980644954519e+01
2.429377076037381471e+02
3.685350846315363071e+01
-8.885367326211932948e+01
2.656340543257221043e+02
2.223434196648620542e+01
3.813854674753194729e+01
-8.536338280148036972e+01
7.649919456459161893e+01
4.097576694984020662e+01
5.747111966971944241e+01
-4.281291129384209171e+01
2.025090580627619943e+02
1.727226686983857462e+02
3.889318971170258266e+01
8.654919148025534525e+00
1.115312191151975014e+02
-3.928785186811117569e+01
7.902437475680636680e+01
1.308324772177744535e+02
-2.680811590090839047e+01
3.734826938042918698e+01
-5.000110029541400536e+01
1.988187432426171313e+02
-5.475981924984620264e+01
2.266738701101426727e+02
5.980919298884460034e+01
2.354584479533175312e+01
-2.139950936243708384e+02
4.890778429970909258e+01
-2.082271765506242645e+01
3.883389500561183638e+01
2.646652159246579004e+02
-5.806760422313588776e+01
1.993650232685558876e+02
8.698799353589171801e+01
1.805984224561667588e+02
-1.801575174766568921e+02
2.697220696858107658e+01
-4.971633609487805927e+01
2.777823254870207847e+02
9.418877362123321006e+01
9.873232115521780372e+01
-1.652985947779151275e+02
4.509834185619335756e+01
5.628779163317595646e+01
2.087149114770637937e+01
-2.387867215431526802e+00
2.988742133009104691e+02
-2.071884012266376374e+01
1.930229438874371795e+02
1.000444376087103251e+02
1.012337277040659984e+02
-1.209021320095110497e+02
7.296285750342275378e+01
1.017267575928432990e+02
-1.351851270182480675e+02
1.240155089587838546e+02
-1.324623808177144468e+01
1.981702076153250118e+02
-4.803197309449470254e+01
8.400523388174207184e+01
-4.069387446845142620e+01
1.507219411714750947e+02
1.231531949676681137e+01
1.886142602942036888e+02
1.038029781426336484e+02
2.109493195138024362e+02
-9.315099485830734238e+01
-2.703598465727292677e+01
1.627956411191872235e+02
-3.847541840434207927e+01
6.604851439542383673e+01
8.767012672925669392e+01
8.358542117555688833e+01
2.692132727738507469e+01
1.279392009505820482e+02
-2.572583741076605435e+01
8.394603862091815927e+01
2.489074543023015167e+02
4.190359318058405620e+02
6.153676489146717188e+01
1.304372288565257350e+02
3.562445409467416368e+01
1.431664915358671237e+02
4.237015101792546545e+01
-9.931419700091957736e+00
-3.292138883860440046e+01
-2.823488964090645936e+01
2.826087534952031319e+02
3.689926525272207982e+02
3.824429603931187103e+02
1.898818743010032790e+02
-1.829268517388099013e+01
1.161572671041103462e+02
1.391702241086879326e+02
1.299663042558602797e+02
2.698238135451252333e+02
-1.717660489171377947e+01
1.749723880572246344e+02
-1.740762360702337332e+02
5.215773004249056299e+01
-9.853476793293002345e+01
7.429878949205340177e+01
7.493352755484140459e+01
1.978124654441085681e+02
4.296708902239283248e+02
-1.273487388741209401e+02
2.402208896829905029e+02
-1.656546128317712032e+02
4.079217889708101552e+01
1.345826355229974070e+00
1.360652396727163307e+02
2.576245001140753743e+02
9.755504427594208039e+01
1.892958716078169346e+02
1.710615496267635649e+02
9.024872900905722872e+01
1.186482074051891829e+02
1.223642197931473419e+02
4.648778454058285092e+01
5.388553031469569987e+00
2.525667143663611682e+02
2.720843402688590800e+02
-1.078243300271814604e+02
4.091799615906325016e+01
1.932698840290370867e+02
1.406633389924980690e+02
2.445248992209254766e+02
-2.597683802350412918e+01
-2.128337049450867369e+01
1.597232921297314761e+02
1.343446934942548978e+02
1.240748438550131709e+02
-5.960725368320545670e+00
2.341144730653395811e+01
2.423875157306554797e+02
5.316636985322600140e+01
-4.414095149866365375e+01
-2.458080305581799507e+02
4.534536041101050330e+01
1.658312108923443020e+02
2.279835137776918259e+02
-3.340204546707064992e+01
1.297621669490740146e+02
-9.014994848468040800e+01
2.709584807124046506e+02
-8.247886705574234156e+01
-5.904386123655304175e+01
-3.938486373250961492e+01
-2.351063119139072342e+02
-5.815138687937239581e+01
1.616616585699809434e+02
9.812260478439694111e+01
3.492905841422847288e+02
8.349307516570966925e+01
2.853562268534963664e+02
1.738834673382993401e+01
-1.386727856031716044e+01
-1.327440084593454230e+02
1.528265525896547956e+02
2.017760404608757341e+01
-3.013139294200387042e+01
-6.455117246305677270e+01
1.347166467528932685e+02
1.369322922580854538e+02
7.229016395648717719e+01
2.054959634873114283e+01
3.025493242394428535e+02
5.320844482203023063e+01
-1.151065216744505193e+02
4.120252157867140568e+02
1.170662891026342862e+02
1.402681852158182210e+02
-7.334478112642948133e+00
-2.024822743753759369e+00
1.465229314571499799e+02
-4.468549190710287178e+01
-9.101399668354824257e+01
1.992169541385880649e+01
-2.163754667074897498e+01
-1.102850004424015395e+02
-2.577575440934241158e+01
-4.592980018097694028e+01
-2.278850475455968194e+01
1.046149255710591319e+02
1.862071984925798347e+02
1.670872604569292719e+01
1.384548886027111791e+00
2.001183042279824917e+02
-1.040073137583489569e+02
1.972969451886887668e+02
-3.936379348896339536e+01
9.434790281488832875e+01
-4.237822596771515293e+00
-1.616719324154916535e+02
-8.327573553428004516e+01
3.090805027743131745e+02
5.107148969161158192e+01
7.619121470620804359e+01
3.327739613199385360e+01
-1.104749041864239274e+02
2.686001733758195087e+02
1.862705700130937885e+02
-2.042995576383274283e+02
1.288900781739580736e+02
1.002220798383039977e+02
-1.590501398258661538e+02
2.191965935178296263e+02
1.063073156406903621e+02
2.760148481089722168e+02
2.040995799329047031e+02
5.547447496610604389e+01
1.106905111249128595e+02
2.053027710945530515e+01
1.661010914763886035e+02
3.183582932124336651e+01
3.174156588437639357e+02
-7.752207239653073145e+01
3.170779478998427692e+01
1.916467043154830208e+01
-7.058959820870326496e+01
7.181972512771007189e+01
3.353528624839195800e+02
-5.514860688299266656e+01
1.138384788339323705e+02
1.209256315217338624e+02
1.206877231594748281e+02
1.909337217884626625e+02
-3.036621109510298311e+01
1.745167550905453595e+02
1.915585451306181994e+02
3.088394382745818234e+00
1.995116925125875014e+02
9.893883363838303069e+01
4.054501947812354956e+02
-9.593458325393284269e+01
1.994508080434243311e+02
2.607508599163360259e+02
1.163545994169184468e+02
2.780416400640339134e+02
1.663530792905062867e+02
-3.464739666012276587e+01
2.088128434042814092e+02
1.314457475193948710e+02
-3.608402686738757836e+01
2.396222821006483059e+02
1.375842388371278844e+02
3.208723571872853881e+02
1.365248906459365230e+02
-1.835939197577570781e+01
8.053486432350999280e+01
-4.010442347487402515e+01
4.132906420557147840e+02
1.556325856891900798e+02
1.906603224883671146e+02
-1.178225730728875931e+01
-1.627774565718000872e+02
1.325353809897648034e+02
1.459840669527898740e+02
1.506450224960489663e+02
1.388773399145631515e+02
1.159031803954792821e+02
1.019957537874785629e+02
1.243038330211959419e+02
2.217826522730391048e+02
1.248284195047391449e+02
1.801597710533959571e+02
-1.437378861676152297e+01
1.009756858616101880e+02
6.798238437809004608e+01
2.260114175656076441e+02
1.013411392336524841e+02
1.312896572210183024e+02
2.944211215865720419e+02
4.111666393802823904e+01
1.120348079399181529e+02
1.267418667543630022e+02
5.337365121446309502e+01
2.640469140123063880e+02
1.663654072214858388e+02
2.439812872571161506e+02
-1.536376014793531226e+02
2.797160177849216893e+02
3.286187352431296063e+02
-7.374130283405379771e+01
-1.679257314890382702e+01
3.407989685856297513e+01
2.060864486353980851e+02
2.482322859973590425e+02
1.181885780745447789e+02
1.501232947077428150e+02
7.451469671460321820e+01
1.436689997679627595e+02
4.847161862130088821e+02
2.675521189700056084e+02
1.333369746665660216e+01
-6.049574556966213379e+00
1.301706214780903679e+02
1.821573375610775258e+01
6.635653936944736131e+01
2.600560108844017577e+02
-5.546072517463245788e+01
1.924079797842929196e+01
5.333753011955916179e+01
1.095552220134050145e+02
8.344928512959025113e+01
1.381286829710979873e+02
7.490416641907722806e+01
1.033618416393636181e+02
8.559713916407439172e+01
1.652208200818440673e+02
3.314781708981618635e+02
2.244677567662189688e+01
1.467984196786562734e+02
1.102658507453741521e+02
2.035337582243239751e+01
9.438903247634129912e+01
8.990419858268046482e+01
2.865774170776835206e+01
6.797608123251922052e+01
4.624752252233071204e+01
1.642278907465635029e+02
-1.292764793585728000e+01
8.140248955226934413e+01
-6.394848290033908711e+01
2.273675082624553170e+02
-7.968640160333782774e+01
-7.678909475185109557e+01
1.229741177543709938e+02
7.222784822023960771e+00
-1.715975427713896693e+02
7.483471122553982013e+01
-1.752145361455016825e+01
2.078144564571592809e+02
-1.481993809947770302e+01
-2.153950956716474252e+01
1.063093937276014884e+02
-1.851383263204359082e+02
1.890584066716718326e+02
1.939274802458201066e+02
1.309739574319414146e+02
2.851649663957854273e+02
1.899719954097467962e+02
-4.839259908004721922e+01
2.316601558614682972e+02
-2.680714730839608251e+01
1.314416589109898155e+02
1.015377061560235887e+02
3.507823768076637521e+02
5.428411403373610256e+01
-8.899198290449039916e+01
3.691473860221795178e+01
-2.700247671678317829e+01
2.307802998003271000e+02
5.100565342443926653e+01
-8.182894402596085115e+01
1.324536868703217465e+02
5.382827720816175088e+01
6.295821484617849251e+01
-1.746567142629785252e+01
2.774110324873419131e+01
2.645324365271477518e+01
4.244884051636579159e+01
1.499332478557433319e+02
3.082863265098287187e+01
1.638481530132975195e+01
1.647983544029246445e+02
-7.644570731568666133e+01
2.397360150301164481e+02
2.970893173123828888e+02
1.975551662653097651e+01
1.327894106500047826e+02
1.437997297175444658e+02
-1.313091080194304254e+02
2.292474925786800100e+02
2.516466127062752776e+02
2.342108837961166614e+02
3.025903996894424353e+01
3.620274725483902216e+02
1.638561803480889125e+02
2.126535370660975559e+02
2.779007940199753079e+02
1.050335119779045101e+02
-1.383546793009047633e+02
3.045969127125836451e+00
1.102025109062608266e+02
1.962837191985779555e+02
-7.090901741238344869e+01
1.339021108749595044e+02
1.955153020176728091e+02
5.619477916157953956e+01
2.517472019089877904e+02
1.178118913900145230e+02
1.298370013278493502e+02
1.068855457922513921e+02
3.540934022327931530e+01
1.132154918130707983e+02
6.488350542070610061e+01
9.898670396001689653e+01
1.185380141918260364e+02
4.449875142558109076e+01
-8.318094121828930554e+01
4.890026471434622124e+01
-4.697295026306852606e+01
2.068314629246995651e+01
2.180314950027959071e+02
1.955391040189870182e+02
1.673453767256740434e+02
-1.053063593946949084e+01
8.898838043939636577e+01
-2.299508774678914733e+02
-6.654847623488677755e-01
1.723156987868329111e+02
6.906185306949187463e+01
1.987738056330810821e+01
8.944923292655352043e+01
-2.044204021455761477e+01
-9.794919141704160381e+01
1.393957432705880137e+02
-4.665277814078415020e+01
1.208500741049368656e+02
1.507602789590214627e+02
7.932322955608219672e+01
4.817830455685958668e+01
1.350118428378711997e+02
2.664073890791922850e+02
-8.915921994373866255e+01
1.008377737420066893e+02
1.180604591844276285e+02
4.761865450921689558e+01
1.618037791407473378e+02
1.855740172354238098e+02
1.463131478455844956e+02
8.175596598308445095e+01
-2.360399381874509572e+02
7.592608708276273433e+01
1.981047530103534768e+02
1.788335336066438117e+02
-1.087182357720466399e+02
-1.312136167806891081e+02
2.412372882708092448e+02
4.333829848988322908e+01
-3.823033065393114782e+01
-1.128366115444397195e+02
-4.418559428231212394e+01
1.999190520996770033e+02
1.469955761635887939e+02
2.176317327779896686e+02
-7.766019452854116878e+01
-3.880648283974583990e+01
-2.878937824129353373e+01
2.142516180116843429e+02
1.558744856550466125e+02
1.867676209327002539e+02
2.627688245828504137e+02
6.569625861097189556e+01
-3.068583825683607813e+01
-9.040917040396493576e+01
-6.795950982687922703e+01
3.345453308845089424e+01
1.980052447293920892e+01
1.148922506738052363e+02
2.250001559892409091e+02
1.672995137980225309e+02
-4.065445455542210595e+00
1.228003892418642380e+02
4.217721386348637225e+01
3.420441730033646621e+01
2.307232120516828218e+02
2.628944717283162049e+02
2.204085700491891657e+02
2.792541543805248949e+01
9.955816748279437434e+01
2.730416844720305107e+02
3.689686994939130500e+02
-8.293792954998190226e+01
-5.769246741046082150e+00
1.839627112149384516e+02
-1.693279197920048773e+02
1.157434357864650138e+02
2.548331811822817485e+02
1.430458538355770770e+02
-4.607669447783429462e+01
-8.184182990807106250e+01
1.555915297707355762e+02
1.517356494474820465e+02
1.905698736373384463e+02
-2.116872919179105850e+01
1.015203225830051963e+02
6.774374764201218113e+01
-4.182649339517753617e+01
-4.696734676376425455e+01
1.773560109263360118e+02
1.820444947307549342e+02
1.975351387793496656e+02
2.415821994131563315e+02
3.313254389066150196e+01
2.415243097055314934e+02
2.072093730250668386e+01
9.587648384437187588e+01
1.526500663895290302e+02
-2.396274126016493256e+00
-1.009337381119779451e+02
-1.714583045707720999e+01
6.200234450211182491e+01
1.886915295333728864e+02
-1.203587577611097146e+02
-9.697337479994942555e+00
-2.523464627378054956e+02
-6.088442336034268010e+01
4.965965463516242551e+01
3.032278078181161050e+02
7.012947529201396435e+01
-5.098883566006016110e+01
1.885597590106845018e+02
2.002054223069440013e+02
-1.162886931854684036e+02
1.588644770395381727e+02
7.918683551200865622e+01
1.395277512939218809e+02
4.566954108752226205e+01
-3.986682320718553285e+01
1.468766889919769483e+02
9.417121232925499896e+01
-8.880773849211662707e+01
7.823476850041538455e+01
4.348915827974106207e+01
3.527465052380092914e+01
2.978739564636859996e+02
1.763637990008554652e+02
3.287253138534610741e+01
-3.355087163325315203e+01
2.832790630423876905e+02
2.144905251426133646e+02
2.381712721604260992e+02
1.147331586553410716e+02
5.167429001639752073e+01
7.752963322211905961e+01
2.155076275772598819e+02
3.980062726157543693e+02
-3.112147836763328002e+01
-3.157679015239081082e+02
2.244861428339562437e+01
8.520382798215275955e+01
-2.351492306747051941e+01
-3.321797810699696640e+01
1.674964141743515711e+01
-3.534151504263817856e+01
7.374433936196692230e+01
3.793366584549605136e+01
1.286631101019981145e+02
1.978019126050491536e+02
5.964775151662075103e+01
-3.361925099916230408e+01
-3.354580408937270875e+01
1.541093560718962294e+02
1.907817649064918086e+01
3.833895309926085702e+02
1.266948611067370223e+00
1.332147129941329240e+02
-7.173032372092778530e+01
2.757506387071625795e+02
1.226537053434181388e+02
2.278739730640652965e+02
9.123124374461551156e+01
8.957430316872951437e+00
6.265782057245117187e+01
-1.096946444579937463e+01
-4.277655881457339149e+01
1.183844393325185536e+02
1.458297936500717356e+02
6.944217743871702453e+01
1.185142939608308410e+01
-2.737604099279452896e+01
-2.834770979393152146e+01
1.394239561625063857e+02
1.712818996394673832e+02
1.942272670065197531e+02
5.779662649085295811e+01
9.012554109374688949e+01
1.017075766441650160e+02
-5.313344393134315169e+00
-7.559515904161848709e+01
1.485801702587843351e+02
-1.513410669896941272e+02
9.470873990935302800e+01
2.270126231583240184e+01
4.378276945656062935e+01
-9.680224066048667453e+01
1.360211259385378924e+01
2.626105085709901346e+02
1.965297506078393042e+01
-1.234530506932457428e+02
1.560340590471364237e+02
-3.067070491960009804e+01
2.921053851935714718e+01
1.226339962561249450e+02
8.531092386110245229e+00
-1.271810558516416876e+02
-1.303946651543926123e+02
-9.654151649694709647e+01
1.053054432665063445e+02
6.786689154135743252e+01
1.352955283574106602e+02
-6.081710071208033241e+01
-1.984177773117460220e+01
1.970016968488026521e+01
2.766749687963360316e+02
8.482162527587789214e+01
4.037053184773544672e+02
-1.755223172827430176e+02
-1.674716689519509316e+01
-5.518643771709589885e+01
9.734396637162147670e+01
6.295945939377955369e+01
-6.406783312944715192e+01
-7.342027584549603603e+01
1.606251751204571860e+02
3.736587004121237499e+01
1.182739024622313906e+02
5.104548584987828974e+01
1.835615293864820501e+02
2.018808854686787981e+02
1.921949065467823061e+02
2.725577218508191208e+02
2.434664651525410477e+02
4.845050998795019837e+01
2.910920343124638521e+01
1.418570095336722829e+02
2.453477577418070723e+02
1.509058679259325686e+02
3.694198056501554106e+01
6.362226024300314009e+01
-3.471318086101199185e+00
-4.628696382054916114e+01
-2.011721644530458093e+02
1.703347828147780660e+02
4.352682192049216781e+01
-4.771381367411578367e+00
2.438557740846339925e+02
1.580677029782213481e+02
1.422477170225397458e+02
-3.078952579080485918e+00
7.536692926854618690e+01
3.629111946878715571e+02
2.029227697478791015e+01
2.064296786980572733e+02
2.807958960445199637e+02
2.146172146058997328e+02
1.285150228620724988e+02
-7.368521244142921489e+01
5.351842502663998857e+01
2.507405116530154032e+01
6.234870545072737258e+01
-5.047322948055993663e+01
1.133088970252759822e+02
1.514251769639402028e+02
-1.250968347507891423e+02
-1.304323634535430756e+02
1.028076348301348872e+02
9.056275667087159320e+01
1.594400818230059258e+02
1.797192644017416683e+02
3.994760134948371189e+01
-1.565043434925989629e+01
2.922530692592980017e+02
1.271637915188358221e+02
2.893838025070946856e+02
7.148020520902639419e+01
1.524191054620187060e+02
2.883239672968653622e+02
4.978772954882330737e+00
-3.092789070993461564e+00
9.891738432333802677e+01
-6.132098049441651710e+00
1.533272760898926776e+02
2.820424733449423371e+01
1.175029809208741511e+02
1.773384198830804621e+02
-1.752979608274981160e+01
2.276306478116372318e+02
1.092508691779381707e+02
8.064970953087401995e+01
8.047182861308240831e+01
7.799314777846565505e+01
3.181976464085819316e+02
7.689868630139579864e+01
1.933752767449035304e+01
-2.087772183954139109e+02
1.130938349714085973e+02
8.103747395044231894e+01
-3.826513842951132460e+01
-4.696530009166089314e+01
-1.247927670740909178e+02
2.263600626652796564e+02
2.768027475023588408e+02
1.050393523619624574e+02
1.440605496604609357e+02
-1.255716654601008457e+02
9.522637330916720089e+01
2.349862222240344636e+02
2.042170539502920406e+02
6.767485875123108485e+01
2.340399617295124557e+01
2.229588956978462875e+02
3.836635479625084599e+01
2.541151321220051784e+01
2.644529308078232361e+02
7.170505107757374219e+01
9.643852429242721769e+01
1.487126820761873702e+01
-2.108156218758535516e+01
3.367522965829232362e+01
1.105497675779348867e+02
3.376236507811872798e+02
1.125980995825838846e+02
5.311335063324665384e+01
2.898445635882588363e+02
-4.777484617114809851e+01
5.895902717646496427e+01
1.337753348692548911e+02
-2.060516610582073440e+02
-1.670937131019303479e+01
2.447529810073938847e+02
1.448209756040743343e+02
-2.516619069566247191e+01
-2.059372507415905318e+01
-3.111092020922824020e+01
1.732203682537954705e+02
5.235962866652361924e+01
9.315619979352293001e+01
-1.007547709244433207e+02
6.639809536379306110e+01
2.002610772335804086e+02
-1.550487305672021421e-01
3.693025841224353201e+01
1.139788330599530468e+02
-1.028902873680394094e+02
2.433474780361787566e+02
2.802624607210266845e+02
5.927000693541241816e+00
-7.235444053852496893e+01
5.895532186516050643e+01
3.533861176991290165e+01
-5.405491914858329494e+01
9.542302565510115642e+01
-1.862244047616055695e+02
5.056938232420043278e+01
-1.285846879125809323e+02
3.627386454172277581e+02
9.500934017524335218e+01
1.339528806345990120e+02
1.281965666810302196e+02
1.706204193422373123e+02
1.669753679426154349e+02
1.385538547996231387e+02
4.772221822866089269e+01
-1.938475002509730416e+01
2.700637098693591724e+02
6.372951018237164078e+01
1.314219957678357673e+02
6.111468839170682088e+01
1.341232128985473082e+02
8.340643373093595869e+01
6.761750435553369698e+01
3.008693854235238518e+01
1.075211937105926694e+02
2.601927018372893841e+01
1.952282435897742516e+02
-3.189563633267552234e+01
1.743028129444114711e+02
-1.364204967248805644e+01
1.365186555687132000e+02
2.602042169589827836e+02
3.260118921370738008e+02
5.257233170963996116e+01
8.710397908414320511e+01
9.172224263687826351e+01
6.686972077677836523e+01
1.448169595191021415e+02
-2.942430234970272096e+01
2.004934819133141559e+02
9.553653797861595365e+01
-7.895083413190864974e+01
2.201778301343310318e+00
5.278252598833510945e+00
1.002365125495722680e+02
1.589317908129679040e+02
2.341030446687703659e+01
2.375030369054516655e+02
-3.543580667397005186e+02
1.528077340683431657e+02
-1.634458594534672216e+02
1.013890556038752919e+02
-4.379323363431586813e+01
5.776930348203205767e+01
1.419414378247198556e+02
1.335703704248147403e+02
-2.929244577744678679e+01
-6.394332450825196190e+00
3.017806238003377217e+01
1.206963000782876350e+02
-3.497363758896125319e+01
2.529868403876825482e+02
1.238558374269516804e+02
1.249273468420253863e+02
6.127071496460834510e+01
1.465076566527407067e+02
3.295842091483314675e+02
2.797954839760507753e+02
1.056902222049772035e+02
-5.050716686207148598e+01
3.164044087451726455e+02
-3.070816132344409510e+01
1.286197577202584341e+01
1.555733359227232597e+02
1.356910338485523084e+02
-2.184275608999990936e+01
8.768138384589815360e+01
-1.041851887877615042e+02
-2.116740203841230255e+02
1.219543542225024595e+02
-4.918147831389093483e+01
-1.872628558937636285e+02
-1.360488026023234625e+02
3.026743030115100055e+02
-1.002279178781410991e+02
-5.334556934587196508e+01
5.878679060658359390e+01
2.997678496671732091e+02
8.727439971195164503e+01
-1.810004432087760051e+02
1.621583052642874350e+02
8.102460882847735490e+01
1.227785088540205294e+02
3.209031688476807176e+02
3.287635602689884990e+02
1.231851541933739824e+01
1.393546375531005879e+02
7.954365784899903247e+01
1.633820559626514068e+01
1.053779125989075851e+02
1.696893938976374443e+02
7.721430929536655441e+00
1.431637025205086218e+02
1.983231235990813843e+02
-1.523853925210291749e+01
7.459882936747197846e+01
-6.578106110792973027e+00
1.313313956054372795e+02
1.689919592250283813e+02
5.275941807199672695e+01
-2.088432077279177292e+02
1.030923244426412992e+02
1.466398973059402806e+02
2.754986175055222475e+02
1.461664330056331380e+02
1.431117558912353047e+02
2.299034574441132577e+02
8.301939180924075856e+01
9.229024352398855058e+01
8.966803053311274141e+01
4.317095692591477984e+01
9.611638437019109915e+01
4.416756194236044166e+02
-5.280301981456680949e+01
-2.556520806530897971e+01
2.877581788261558415e+01
4.521295701489576402e+01
2.088273422035293265e+02
-4.974045273917397481e+01
5.747962223158865669e+01
-1.007788604964361099e+02
-7.210195996777181904e+01
-5.931560489067389597e+01
5.391037499561515745e+01
1.606698593888481241e+02
2.841932742323955097e+01
2.487940559284330106e+02
3.131811654981115467e+01
2.186825932774711418e+02
3.876736580179016300e+01
1.478917403802139319e+01
2.459776090938325979e+02
-6.194881451332555855e+01
1.077189379488937959e+02
-9.463949375313944756e+00
1.239843742663693860e+02
2.040308495382964793e+01
9.538838596757152288e+01
8.647511424672435965e+01
4.911458836719376109e+01
-5.680116378353012863e+01
9.569438995813655424e+01
1.201764981133517125e+02
-4.236636921918893961e+01
9.063745904026889377e+01
-8.208005124235461381e+01
-5.901625285514040797e+01
9.906864872322687177e+01
4.765720018977293648e+01
-3.011700181440552342e+02
1.014213669684914407e+02
2.549471770624396072e+02
2.893897042374268267e+02
-1.633549573157125678e+01
-2.076201712563246815e+01
-7.092620491467029353e+01
4.444241238143834494e+01
6.579919340178886955e+01
1.946144407964548577e+02
1.739714577273276745e+02
1.745808719747038822e+02
1.363120051372097237e+02
2.106302132360748374e+02
2.917677536159151828e+02
2.160773878445963305e+02
-1.241450956026903896e+01
7.349999124750640078e+01
2.904313348333599976e+01
1.057068907854521456e+02
1.146396898746317845e+02
-1.259545723696499380e+02
-1.485322961150228593e+02
2.109228627745115432e+02
3.552064620179020835e+02
-8.736220037245985282e+00
-2.756602601911326360e+02
-3.406346809353189542e+01
2.738284255457421636e+02
1.226422134807829849e+02
9.053193295578344646e+01
2.187230856454378909e+02
1.421427342589408909e+02
1.978815478919241855e+01
-5.500528111640903717e+01
2.883649244535769185e+02
-1.472790154431233987e+02
2.726951505663211606e+02
-3.165264419348034153e+00
9.166787006277094463e+01
2.103175807481043194e+02
-1.890248612330499611e+01
1.421427759613829949e+02
1.227091785966824347e+02
-1.048081220504451068e+02
1.668419084138661219e+02
1.684876323379479572e+02
1.659108239923317569e+02
2.034426087689751057e+02
-5.363278989958217835e-01
-1.208354484717118282e+01
1.604137423066356973e+02
1.645482931297583491e+02
-1.986686214672687925e+02
-7.233280869004059355e+01
-1.719263503874637991e+02
2.183995027296801368e+02
6.533709711500817718e+01
2.004924483088810661e+01
3.244544431786162590e+02
2.404433297059643451e+02
1.047524376346884054e+02
-1.000632594802339810e+02
1.378968559935004805e+02
1.646487535641277589e+01
-4.496225400656923910e+01
-3.728007910596001295e+01
2.176655242124574556e+02
-2.072044871575955653e+02
-1.915522609714648752e+02
-4.736991687673821616e+00
3.666542868406841649e+01
4.475887032092908413e+01
1.863838989223024782e+02
1.396806907617993687e+01
3.137364450321711047e+02
2.967535001141679913e+02
1.531571711734933956e+02
-4.768302821846812378e+01
2.130289821670716037e+02
2.022710573501811382e+01
1.697466526649409388e+02
-1.827955039593588822e+02
9.028728087519515100e+01
-3.016963598594509222e+01
1.229676385668526990e+02
-5.096041902435429449e+01
-4.256323370790657634e+01
5.922838004656306055e+00
1.450223571077530664e+02
1.441088637389916869e+02
2.013792890317893125e+02
-9.812088225277987874e+01
8.095403628506241489e+01
1.179821441484649682e+02
3.857313930725771911e+02
1.104619146572232040e+02
-2.702595138947552300e+01
2.076128277968784630e+01
8.229212210399327887e+01
-5.049241568262199564e+01
1.285581046125142848e+02
1.841625548367803731e+02
-1.334272551529086854e+02
1.628005617737137527e+02
7.794096422960180348e+01
-2.394471841983754246e+01
-1.288238370609555545e+02
1.774206861406455005e+02
1.600598327678558235e+02
4.592710325852939235e+01
-6.863249776566074445e+01
2.130190852461120130e+02
1.675423599228471971e+02
-7.081620358888166322e+01
1.207510550577763695e+02
9.405049969533123999e+01
1.558567195903776792e+02
-1.291412023013486419e+02
7.139055625740229516e+01
3.720084101551379376e+02
-4.087943577766613146e+01
3.719633001242425507e+01
2.308750379208722165e+02
-1.954149879262722607e+02
2.108591862272880917e+02
2.008516057388789591e+02
-8.203464440220847109e+01
8.308262144646418790e+01
-1.727773518319585833e+01
1.355163599481873575e+02
-1.106438479844559168e+02
-2.737823469193878623e+01
2.706495508096898561e+01
1.120563420799684451e+01
3.278710334570643568e+02
1.248983491987759891e+02
1.022717692472827622e+02
2.917259931176886312e+02
-4.743402079100617641e+01
4.293207175322317681e+01
-7.237825825108565425e+01
2.604887071498891373e+02
1.278919507702954093e+02
-5.218271453934188742e+01
-6.085963605853920910e+01
3.671611585125855726e+00
-1.356964461125533603e+02
8.823636899829782010e+01
3.645791583446934681e+01
-6.606940945073077387e+00
2.366334987934389744e+01
2.252880938936358746e+01
-2.702757217877835387e+02
4.764396228735711247e+01
2.050508378695887757e+01
-4.406492394944791613e+00
1.390225079680774627e+02
-1.271052558756851170e+01
6.347848079764452223e+01
-1.636982980893849913e+02
1.616704813028547960e+02
1.717011736271379050e+02
5.044255891862209751e+01
-1.466857620543303256e+02
1.585949055451340541e+02
1.295774722730840267e+01
1.191104210590503669e+02
-1.386120712971210196e+02
5.366351736804536188e+01
5.008353579363386530e+02
8.936905603482826166e+01
-1.356370982731320396e+00
1.772640718890339429e+01
-8.191865873277180299e+00
3.368665326194778231e+01
-1.344445679630289305e+02
9.223070422148286696e+01
2.342287658933781245e+02
-1.991199587242959268e+01
-3.762447541380811344e+01
1.341284746060300961e+02
-1.188505549699299451e+02
2.846024109164994087e+01
1.521815499766585589e+01
-2.385435734234571470e+01
5.241121217723687664e+01
-1.570311431482239755e+02
-6.371582133177344076e+01
-7.251422658305074265e+01
1.470948876915715857e+02
1.653864392567552954e+02
2.014478481305018249e+02
-4.741527066985918282e+01
1.100795324793651417e+02
9.088686266855017948e+01
7.716097872123856405e+01
5.636736819319992264e+01
2.433813032249200603e+01
2.984687111933336610e+02
1.655976351632679098e+02
8.042156119477607490e+01
-1.736913736125278547e+02
2.210647248142523154e+02
3.496352464409918639e+02
1.305898063428829232e+02
1.137298452497764458e+02
8.300871422186041571e+00
3.303384151157736426e+01
9.776509931074319582e+01
-9.795422916724824347e+01
4.008745166309764727e+02
2.886078943757217630e+01
3.042321266645985816e+02
-6.218988117459481657e+01
-1.326632116963196495e+02
3.550022397335280857e+02
8.867638362840168043e+01
6.066346851152563602e+01
1.934736089089590791e+02
1.207579365682030073e+02
1.644274670749782672e+02
-8.653805114015327149e+00
-4.118393226253033390e+01
9.206387027955622671e+01
3.443932734372334608e+02
-4.753390157584647113e-02
-2.272321511214433087e+01
-7.433127141477967825e+01
3.479681323787444853e+02
-8.498078439910845816e+01
-3.104109292651744312e+01
1.573831705006384141e+01
-1.928003715451554854e+02
1.850341434709707755e+02
3.783547928761552726e+01
9.432465731563129907e+01
2.917886773693818725e+01
-1.207780877472422532e+01
1.470557739874838319e+02
-2.599887353098323217e+01
-3.363603918946984095e+01
1.168425704151700586e+02
1.251892388940415657e+02
1.691691598506836272e+02
-1.400057687827017503e+02
1.804606837888230757e+02
9.976438429756264270e+01
1.631927768851884935e+02
1.490822826429954659e+02
-2.410458347544025060e+02
-8.161254355628504698e+01
-2.086788445957003546e+01
-1.615845687255698522e+02
1.394750424956955044e+02
1.053817685174466874e+02
-1.501487126587838361e+01
-4.206195496772515696e+01
1.412067954644918473e+02
1.373526257079081176e+02
-2.844155085470224549e+02
1.466177761625680205e+02
1.423256850267675304e+02
-2.291281227563760581e+02
6.348501412610020367e+01
2.726257679158738938e+02
7.453274110476310454e+01
3.057586590000664160e+02
1.390142949348536376e+02
1.770715437222429500e+02
9.620182929222204393e+01
-1.107662525060726466e+01
1.830371544019278645e+02
-4.611934028145603293e+01
1.354542979472850277e+02
5.871456301338393047e+01
-2.244664234632630269e+02
3.566132038471800314e+01
1.773915892329903841e+02
7.510671598532539406e+00
1.051965733070338160e+02
7.856354987693443093e+01
1.735887883231382744e+01
3.474335954711288821e+01
1.789816465355763739e+02
2.011969357257340221e+02
2.371396032656751913e+02
8.081973283248898099e+01
-1.322304942787094433e+02
2.457736873982435668e+02
1.144862491319074991e+02
1.783205316315164737e+02
-1.046195365747365003e+01
-1.102014382634124416e+02
2.423113073048717183e+02
-7.614535667389901619e+01
-2.181482860342153174e+01
2.319582790117003697e+02
1.574570957625678602e+02
8.726513632557255562e+01
2.109148169278604428e+02
9.152771147667678520e+01
2.053873813144891756e+02
-1.157191843861214409e+01
3.691573251264316013e+00
-1.283577570848818254e+02
-1.004619794576422720e+01
5.815699250894446948e+00
8.500352287353597092e+01
-1.650314962226120485e+01
-1.286416954836957416e+01
1.944569601884278995e+02
1.586342360617173881e+02
1.821758601892850038e+02
1.031035456689864560e+01
-9.830237088319519501e+01
2.599716134993040555e+02
2.971504047137863154e+02
1.029829388349307919e+02
2.104110786418136172e+02
-5.140476509664509308e+00
1.072945263744672246e+02
1.107449265343129383e+02
1.631028677099747028e+02
3.426204130280186178e+01
3.255353284545465158e+02
-2.957256216328307374e+01
3.522396579057315193e+02
1.472131185829323385e+02
1.106734833684554076e+01
1.240829180965136374e+02
7.641928752283729409e+01
2.204159961018745548e+02
1.909114654318822204e+02
3.625023565170960751e+02
-4.347162407122141303e+00
2.810083828018214831e+02
-7.928074703687988745e+01
2.252724498176740440e+02
-4.623658713584286772e+01
1.498972940420131295e+00
3.438395575623263056e+01
1.924423858477742328e+02
-3.985161674282416300e+01
4.026791349536134703e+02
8.285598700254278981e+01
-8.181853113220179807e+01
2.304445945623186844e+02
3.446474502166075382e+01
-5.702824023837742118e+00
7.859201006972902803e+01
-1.035418481853765371e+01
1.102711277976669635e+02
-8.624868697290433772e+01
3.293033727581906192e+02
2.533660347458978208e+02
2.293604057236768199e+02
1.775034979152958385e+02
-4.821829786262672712e+01
4.738337611673372862e+00
2.422760099245991228e+02
-1.585471111067332117e+01
1.277556683603839218e+02
-8.801467774407704781e+00
3.766417147251681996e+01
1.548313220068643545e+02
2.706520913023975083e+01
1.614504267290804478e+02
-1.122572116292772648e+00
-1.164339634308214357e+02
1.875348609501862143e+02
1.613054406864110319e+02
-1.998846479370405405e+01
2.861821987752250607e+02
3.294135025762035696e+01
1.484001242451955136e+02
1.582190136665793432e+02
1.697998056790272585e+02
1.976294419801396316e+02
1.333268743224121522e+02
2.305580305760893225e+02
1.670855816088162555e+02
2.392081092510994722e+02
2.896175808472148674e+02
1.632341910305272563e+02
7.594130211099664507e+01
1.556617522239210984e+02
2.189972974156160603e+02
6.546310371688780094e+01
8.448179841653937672e+01
-4.017347987272610510e+01
4.207935294706057050e+01
2.354633835216264401e+02
2.593355565274806622e+02
4.480539643367465601e+02
9.739268756728340293e+01
2.154621544421510180e+02
2.389281806183208232e+02
-5.306475410057547037e+01
3.070718728586583666e+02
-5.643053542338464013e+00
8.136965346274458000e+01
-4.237432578730613386e+01
1.029365700769387786e+02
5.897204273302293132e+01
1.147928617691950137e+02
-2.619175873212630989e+01
-2.409349341382331744e+01
1.679871420147186427e+02
1.447330919386162051e+01
-3.645762991960742738e+01
9.070009642974271458e+01
7.279131140725245075e+01
3.639908148793470843e+01
2.658180539320148341e+02
1.034428994132676678e+02
-5.976489984593561644e+01
1.964807003802037002e+02
2.571292706494286762e+01
2.252409376537503931e+02
6.522425825218904549e+01
-7.770733245144037937e+01
9.869212065792513044e+01
1.998505080326460188e+02
1.731952012230174773e+02
2.913402811370334575e+02
-1.118067880487679275e+02
1.291814043184261891e+02
8.650500544924653923e+01
-9.708602244829037886e+00
1.447309067676224856e+02
-5.715187517422106112e+01
2.752053983860772632e+02
-1.681392358069020077e+01
1.462668345643425596e+02
1.276912120365190333e+02
1.995433611895349486e+02
9.666659727269602342e+01
4.141965118810496449e+01
1.607862413802546797e+00
1.555912791478732515e+02
1.329748513993593804e+02
2.725885453564997079e+02
1.307422292224765670e+02
1.000262230681545503e+02
-4.214997785953512732e+01
1.996765500139813412e+02
1.442055740863379469e+02
-1.681331577515859266e+01
6.564764335523136651e+01
2.305293977066090747e+02
1.638925488162556690e+02
9.751367648543619282e+01
2.279394269478910928e+02
3.925685419463205506e+01
2.020585797251713345e+01
-4.151384277178529203e+01
9.331120515775094759e+01
2.461381822820064826e+02
2.166975689579715549e+02
1.446399248362984054e+02
3.440853920371376518e+01
1.189327495928535399e+02
1.245815341441516608e+02
-5.581057863423967547e+01
2.356122055071475643e+02
-6.627108830304422327e+01
2.844145460127103888e+02
-5.429889767340014828e+01
2.329773083992763532e+02
-1.105650114082634161e+01
9.874419558656644824e+01
7.053057089888181963e+01
1.464143125286896066e+02
1.096271853007303321e+01
1.708569894515473564e+01
2.750820936960751055e+02
1.769954432423605795e+02
1.722809151223312085e+01
-2.019807333712717536e+02
2.748912204941278219e+02
1.317692959317783448e+02
9.996781366161526705e+01
6.284253000452430626e+00
2.286270682962853016e+02
2.665537853409277318e+02
-1.373701292346069636e+02
1.317258000044102459e+02
-1.230824820137435438e+00
2.819926975373539335e+01
1.275028859077096541e+02
-4.096358795855256574e+01
-8.777194752029005542e+01
2.277125398989115297e+02
-2.765428853667303883e+02
6.769923900920188942e+01
-5.858164984481294368e+01
1.640805157215867212e+02
-1.547456793173929555e+02
6.752581584680716276e+01
-6.596975414684585814e+00
-2.697276908742917101e+01
-5.008018347466659748e+01
2.575245675493018780e+02
5.977782955040495949e-01
-1.316431071740095717e+02
6.139291104118702691e+01
-7.129116115809641485e+01
-1.219638928835745872e+02
1.928408468128678237e+02
1.529414570293147051e+02
3.275766740736222005e+02
1.874088452547585462e+02
1.077762136391027781e+02
4.235229341912524603e+01
1.161601610428651838e+02
1.769438322928361345e+02
1.176157081809349592e+02
1.367353452265305407e+02
2.295098447414038674e+02
3.417978823863113575e+02
2.165783264276762452e+02
3.081026384683809738e+00
7.611101815447858598e+01
2.714527667712508219e+01
-4.872020769945270047e+01
-2.371660317573311971e+01
1.374628964326998215e+00
1.936376452679513136e+02
5.639936736167041431e+01
-1.966592778658532552e+02
-1.005323191186867717e+02
1.145622321763576323e+01
9.209775331352133776e+01
-1.286404787677969921e+02
1.025617699137649907e+02
1.989292098597179574e+02
1.017512484001071726e+02
1.357946656924932540e+02
2.281592340190919188e+01
4.928477852584158825e-01
-1.437242595511408467e+02
1.337589050162814601e+02
-3.233930795575585648e+01
4.187964059759927693e+01
1.260635538478844779e+02
-1.295152051828717390e+02
1.253123900490983118e+02
1.799999582990955105e+01
1.730625737443522780e+02
1.583167710558442423e+02
1.794071680219914242e+02
-3.803575288626348083e+01
2.107671934368592019e+02
-2.316725110711932700e+01
-9.131854947298933212e+00
-2.056844239524420459e+01
-1.355556581968651813e+02
-5.892930598054797997e+01
-5.898157307274328787e+01
1.057271683715464690e+02
-2.364750700921490534e+00
1.851498601854971184e+02
-8.521753403449977782e+00
-1.083107142205437725e+02
-1.436759054403818254e+02
-1.425154367393800214e+01
1.182322754257173330e+02
-2.040700345056563947e+00
6.451229512264478672e+01
6.709437306767732423e+01
1.717569250638817948e+02
1.027032919416272847e+02
7.958170720796678665e+01
1.083513647669899882e+02
9.958543114041837896e+01
5.571538030212160209e+00
3.349740381149011625e+01
1.442549541608809704e+02
-1.371075814298530986e+02
7.653198449770869161e+01
-1.260602948692735623e+02
-1.375958325824377084e+02
-3.439905359038664301e+01
1.705809765883747673e+02
-1.214658351998873371e+02
4.083112526154141619e+01
1.648973401202517834e+02
1.289920140457718389e+02
-3.571529952711037481e+01
-1.101664424351436224e+02
2.272255669881520035e+01
5.613967883430844807e+01
2.224910525158889527e+02
9.796745965716655746e+01
1.090585742829473617e+02
1.786858583296163374e+02
-7.219741107493375409e+01
1.626616063894869058e+02
1.324310922699183948e+02
-5.182073406845177033e+01
2.310723165334752238e+01
8.308932242545861868e+01
-1.412946934203348519e+02
9.620926011376056408e+01
1.444626137230967515e+02
1.013939125688704195e+02
1.544760696878306021e+02
1.799077432678958530e+02
1.771682893173806406e+02
-9.302637652999953843e+01
2.485808019366155719e+01
1.342879696526515545e+02
-3.696294144804976156e+01
-6.090282332091668138e+01
-1.067046079942067962e+02
1.098401974858372370e+02
-1.106494063170353712e+02
2.314511931064503187e+02
1.200099757785203707e+02
-3.054530651995672486e+01
1.155591970190628359e+02
1.316108114527298767e+02
1.172090575073640792e+02
1.564261655722166324e+02
4.698670682839884449e+01
-1.372006893955859823e+02
1.098906477004712343e+02
9.141624421114590859e+01
3.748055545905011599e+01
-1.640721970391198852e+02
1.085427534612557423e+02
4.261382286692705890e+01
-6.594761253408618984e+01
2.387648134035825933e+02
7.620775735205964452e+01
1.154279569311336218e+02
2.578740158294885418e+02
5.527406905139196169e+01
9.355242839828522960e+01
2.921406407643139005e+02
-5.608905417415506633e+01
1.281156221834878579e+02
-5.984048724112332707e+01
-2.803185165570772597e+01
1.309003276077391433e+02
-2.945283564000845899e+01
-3.155990892378964929e+01
1.374590239340400331e+02
-9.932063208686109590e+01
1.142736981070934092e+02
-2.930704404565474874e+00
2.052622381558760480e+02
6.291598087503572856e+00
1.400186292338969452e+02
7.771431215357821998e+00
1.047049750388610931e+02
8.197501278049317364e+01
-1.290835879851542813e+02
-7.803756296508180412e+01
-6.524582074129550335e+01
2.381878531665429932e+02
-1.429979036071284213e+02
-1.048130687637017644e+01
2.142915386072761521e+02
-1.129919224051363216e+02
1.750588462120664417e+02
1.544745019141360274e+02
-4.328515897047090277e+01
1.843038756497309691e+02
6.967549865485295868e+01
2.355681707411412873e+01
8.835671559649480145e+00
3.711096744611930944e+02
1.411022514201867466e+02
2.413564318125879140e+02
2.791821987987574971e+01
3.977790209122285603e+01
-1.637126583734687983e+02
2.346004287024346695e+02
7.267956500688745791e+01
-9.303966955480284184e+01
-8.776280861703826019e+01
1.647345593901915208e+02
9.708928595098375069e+01
1.921123814009160355e+02
-8.901789001737405727e+01
-7.512041699273088113e+01
-1.547353533994802319e+02
-1.527186143424463012e+02
-1.180767307435969116e+01
1.330966198460104692e+02
1.362338081094391100e+02
-1.026926216714653748e+02
3.258325523309433436e+01
-7.728083886328755625e+01
5.921112661006910116e+01
-6.166958188761549309e+01
7.451751726257755593e+01
7.684203513289826049e+01
8.511652469894758610e+01
7.576491850572505626e+00
-1.941502847698235712e+01
3.238555493177227049e+02
-9.330992701550000845e+01
-2.550368525797235719e+01
-1.235961000897895730e+02
-1.423208339158401969e+01
1.651254026253438951e+02
7.812215731943089736e+01
6.367649414182772460e+01
1.157228248658234122e+02
2.701066000164311021e+01
2.294474379062367007e+02
1.502291531548208923e+02
8.334268482893604357e+01
1.384113142780137196e+00
1.799956680600140544e+02
-5.442830312943803506e+01
7.799550871363125282e+01
1.158348441111355243e+02
9.737371873955829926e+01
-1.656210766003358117e+02
9.079277069791160670e+01
1.019266425262890579e+02
2.295395064987577882e+01
-4.715435017561311781e+00
-4.517001001636548096e+01
1.024823882581023469e+02
1.121074237458444856e+02
2.965525591380359174e+02
-4.976134458348940370e+01
-3.417484213573435170e+01
-2.004248826063322895e+02
6.526624243202314801e+01
-8.313134770347988933e+01
-1.232472500204934107e+02
4.443946745501384044e+01
-9.815754968675143743e+00
1.828259676113045771e+02
-2.082161823928033755e+02
-8.171564284752336960e+01
1.129858750815271122e+02
1.500591679548437298e+02
-3.993321926299707059e+01
2.254828882790578177e+02
1.243391540729151501e+01
2.499665290767946146e+01
3.067379801641335462e+02
3.403174411671909638e+01
-2.882651089823592372e+01
2.183266992514645040e+02
-8.247645389475692923e+00
3.075096830618695094e+02
1.969598683024841534e+01
1.429623155223630988e+02
1.108144611985477468e+01
-1.977074033766739944e+02
1.340075724617374249e+02
7.336322089059959239e+01
2.048122386870377341e+02
-4.852084274125212460e+01
-6.499738952082853416e+01
1.176883561489751315e+02
1.292977477567792732e+02
-1.075734746493039466e+02
5.329995407529287377e+01
-1.334403733217750982e+02
6.597112814133018333e+01
-6.491201056575881978e+01
-1.636508795937293144e+02
3.974178357222344857e+02
2.866029101244280355e+02
3.201510449931257654e+02
1.437587410799857821e+02
-1.140630526478015980e+02
3.689570832476467217e+02
4.796077776244769098e+01
-2.831578837780647717e+01
2.012372439527864003e+02
3.384647493069213908e+01
-1.034226158524665635e+02
6.771015534746202036e+01
6.154994509577412032e+01
2.152805690552053193e+02
1.725300858813662330e+02
2.755493315502705514e+02
2.215878091889081247e+02
1.251331829486291696e+02
9.414591505658732729e+01
-5.438363584887015634e+01
8.768002189370653809e+01
1.536040371212842786e+02
-7.863208360638864747e+01
-3.410501628436915666e+01
3.100537698171892771e+02
7.128253511625975136e+01
2.609676324465261246e+02
5.661010156273417948e+01
9.993271295865297077e+01
-1.291432955480693749e+02
1.713053319982561788e+02
3.125883180811367197e+02
3.514328498304463437e+02
-1.182101487791254470e+02
-1.097716202088159179e+02
5.251587774513303941e+01
1.476118227549814605e+02
1.782916118071906908e+02
3.130039572533740966e+01
2.204060859178454166e+02
-3.365702746299005810e+01
1.333571536690468520e+02
1.117852654193947757e+02
-7.661244434440803275e+00
-2.340048415295335644e+02
1.352757868894954356e+02
1.247209642409336539e+02
5.750316333813992742e+01
1.523556400457684390e+02
-2.254303964861846055e+01
1.799249183383685136e+02
1.783445828066409433e+01
-1.008872108904627254e+02
1.446634926152567573e+02
-3.967885873495767157e+01
1.481005361032994188e+02
-4.644167346233265903e+01
2.166051541275351724e+02
1.675382977066506385e+01
-9.903530530141615884e+01
1.121982848996278506e+02
1.543099275621495394e+02
5.145449703238386263e+01
1.250223139871045532e+02
1.484621028767289772e+02
-1.046848186855897183e+02
-1.304795172733675486e+02
1.005233235572172816e+02
-9.485958061243375994e+01
1.062278547612786355e+02
4.388468783198813128e+01
1.415361524961647604e+02
2.660057795571454449e+02
-1.686841151617784362e+02
-4.329394345506644015e+01
1.732029494853401843e+02
1.855923575271592654e+02
-6.459254601783202077e+01
1.323049488952918296e+00
-3.857719780971970636e+01
-1.198210501441479465e+02
1.279522927382402884e+02
1.785556076746385088e+02
-2.885159846451483645e+02
-1.028983493192848897e+02
2.582429057041223359e+02
1.153104222675143120e+02
-2.386951554113509388e+01
-2.282335198111027807e+01
3.696094824267051848e+01
2.030324033506457226e+01
-1.631624126224492244e+01
2.660062145922702257e+02
2.395736479606095486e+02
-1.026910187016964500e+02
1.530738025800902733e+02
-5.665232884048215567e+01
2.471444275201855021e+02
1.488013180238152700e+02
1.425234643034554551e+02
1.603797178009289723e+02
1.104584616740754655e+02
8.167087997615864481e+01
-4.123174505762084152e+01
-4.072301004944992542e+01
-2.888910081546625008e+01
-1.216864237792951400e+02
-8.561360032582733481e+01
5.999573417787352980e+00
-1.262610174869812028e+02
-9.829748799318976182e+01
1.509187508287629953e+02
-5.369776568562896557e+01
6.185994788591807492e+01
-5.056636695267130222e+01
-1.718112401533137472e+02
5.258153063822663142e+01
4.683770978949890917e+01
-3.881132768993501259e+01
1.342552764663052471e+02
-1.110431861523445747e+02
3.143485884495765958e+02
-1.274635551027126468e+01
1.017554052670705431e+02
2.201131954888319910e+02
2.221989313934433312e+02
9.595952198447889714e+01
1.023806233316792884e+02
-7.410671941469955470e+01
1.978572805731079143e+02
1.272687694052623044e+02
1.349416144401643010e+02
7.999338084938401039e+01
1.764691100279301850e+02
1.106471156740827126e+02
1.243052743764664854e+02
1.172966021463022201e+02
-8.067916535099278974e+01
5.851310537688092239e+01
-1.532375016248001884e+02
-1.363753953770848284e+02
6.642378837174254613e+01
3.790778436395129347e+01
1.549319534371396117e+02
1.032315327106356335e+02
1.104292566114229004e+02
2.178501058091476352e+02
1.159842361856875641e+02
1.207150658353081951e+02
1.526244987630565220e+02
-5.771111492361396245e+01
-2.859469583801876524e+01
-3.580952349910417354e+01
1.219110797475634200e+02
1.437199290958145070e+02
-2.323725703133341369e+01
-4.580595752264126475e+01
3.252707137109633777e+02
1.128197629937555035e+02
-8.810915766124217896e+01
3.212666851696334192e+01
3.844250727737478428e+02
3.189046946306771133e+02
-8.628923516211574452e+01
2.130322908419163142e+01
1.347469504172566417e+02
-1.329592889556626005e+02
1.243788962795859021e+02
2.929859096292973959e+02
4.782758663339508587e+01
2.094823214184030462e+02
2.052663893180412913e+01
1.804568163357027970e+02
2.619149525504903409e+02
1.959474975548419025e+02
1.262078254283251511e+01
1.318296726199218369e+02
5.854799654861952973e+00
3.469623224921876954e+02
-1.446733901862575067e+01
2.069418212657208187e+02
1.501430493252006215e+01
5.111526330803665985e+01
1.623084832171800826e+02
1.215366337417311939e+02
1.896229631766513535e+02
-5.694136873507815721e+01
1.582467725741466325e+02
-7.474730533652707720e+01
1.022498209180235023e+02
1.342224362368426114e+02
1.193237149475320535e+02
9.168515999281092377e+01
3.564621894174055683e+01
2.241556740471482954e+02
-1.408607602911532126e+02
-6.323041620187963474e+01
1.496129739971436265e+02
-4.982307120351400442e+01
2.100328958378895550e+01
2.227485069654776950e+01
1.080798805282242228e+02
-1.114369517698078482e+01
1.313843478727555691e+00
1.337281226970139301e+02
2.586922328884068634e+02
1.291201055331872567e+02
1.182801146036755995e+02
-1.916467055513157902e+02
3.382166901859087460e+01
1.558293939781755739e+02
-1.058326178738908681e+02
1.238872925487863341e+01
-1.278299460386406423e+02
9.805025032981862410e+01
1.156482860748821508e+02
9.244035315872395131e+01
1.955108566040330516e+02
2.303229440470424549e+01
2.124065384230641484e+02
-2.347652829654992956e+01
2.156290499288415958e+02
8.276201959359786997e+01
5.612070609276521793e+01
3.343630980590323816e+02
1.723296577094936310e+02
-1.749898616927048920e+02
-5.215761829235779601e+01
5.405199339762068433e+01
-3.218319220613598475e+01
1.292184276427682903e+02
8.049683617923311374e+01
4.685240098911245354e+01
1.347276641597165394e+02
-3.219088149125486211e+02
4.238848811931369198e+01
3.393293527116377390e+02
1.244492207201610512e+01
3.584332545510598322e+00
9.806492471565337610e+01
1.035933807182298807e+02
2.988570927530103063e+02
-3.049960086239372714e+01
1.369815553783961661e+02
-6.009959792657620881e+01
9.979830012336492473e+00
6.511083668402018532e+01
1.363154489974098169e+02
-6.216366548987409146e+00
1.260295345546007439e+02
2.392886465102751714e+01
3.603497197894781578e+01
1.845834520127348242e+02
1.377075802375964031e+02
2.557072854795758872e+02
1.282894199217412847e+02
5.256836147695410943e+01
7.412787319671072339e+01
-1.342468011256339366e+01
-1.208058761638991996e+01
1.496937133695732314e+02
5.446742251567469850e+01
1.498353238010234918e+02
2.064937353484364166e+02
1.845492337257475697e+02
5.927090156394990572e+01
3.018153225862549789e+02
5.818772501022177579e+01
3.119476941303249617e+01
-2.016862296349113421e+02
-5.538047447486451347e+01
4.099990209239925321e+01
6.454604417557857232e+01
-1.236290137559656017e+02
1.553453463710637266e+02
9.223781480509977371e+01
-9.804298066929065669e+01
-2.641304720534395756e+02
1.575005613056471816e+02
-1.419241254425492684e+02
1.162682718984808190e+02
2.610311658935596313e+01
9.159698753797709969e+01
2.245923326054298172e+02
1.527084646004558977e+02
4.042434960832927260e+01
-3.301916840711264456e+01
1.027142156313549748e+02
4.983535081618964568e+01
1.128268331434565397e+02
1.736125052702744824e+02
1.245703126496280930e+02
1.196582939118562336e+02
4.218535611417648568e+01
5.298835109649785124e+01
-1.811988419871334486e+02
-6.626940764549902951e+01
2.836619448027173576e+02
-1.660908937170134436e+02
2.399931628205172274e+01
-1.504677304736199517e+02
4.991724558442669490e-01
1.885089218191346276e+02
1.862944343755479792e+01
3.773853491111955805e+01
3.661879754257421382e+01
1.704110066634676173e+02
1.077573310544791667e+02
-4.442292763125763599e+00
7.581539727505121107e+01
5.597818060899171400e+01
4.997854086425812170e+01
2.359463042588758981e+02
1.569371409199013669e+02
1.311902411309403647e+02
