-8.410333e-01
-1.762574e+00
-1.244217e+00
-1.482881e+00
-1.202345e+00
-1.205055e+00
-7.645635e-01
-1.991494e+00
-1.359269e+00
-1.990800e+00
-1.400910e+00
-2.126109e+00
-2.488728e-01
-1.737468e+00
-8.053903e-01
-9.655745e-01
-9.983200e-01
3.256011e-01
-1.196149e+00
-1.715051e+00
-9.367887e-01
-1.446066e+00
-2.027646e+00
-2.541021e+00
-1.080491e+00
-7.796394e-01
-1.388816e+00
-1.572992e+00
-8.178020e-01
-1.486181e+00
-1.579936e+00
-3.930195e-01
-4.408820e-01
-1.141728e+00
-7.939236e-01
-4.827714e-01
-1.955680e+00
-1.927543e+00
2.157769e-02
-1.532474e+00
-7.952858e-01
-1.106331e+00
-7.858152e-01
-1.492468e+00
-4.041422e-01
-2.394224e+00
1.565499e+00
-9.466973e-01
-1.262332e+00
-1.430372e-02
-7.294895e-01
-1.190645e+00
-2.010985e-01
-2.091352e+00
-1.898718e-01
-6.183586e-01
-1.560024e+00
-1.838253e+00
-1.278539e+00
-4.962998e-01
-1.503267e+00
-5.124294e-01
-1.148370e+00
-1.006058e+00
-1.644200e+00
-5.738216e-01
-1.368678e+00
-1.339508e+00
-2.174592e+00
-3.794978e-01
-1.354265e+00
-1.256680e+00
-3.422481e-01
-7.250275e-02
-1.726538e+00
-1.272047e+00
-5.313665e-01
5.021261e-01
-4.908531e-01
-4.856121e-01
-1.400146e+00
-1.587586e+00
-6.601412e-01
-1.695814e+00
-1.007510e+00
-1.279238e+00
-1.556282e+00
-1.014317e+00
6.665908e-01
-2.271237e+00
-5.885191e-01
6.762642e-01
-1.582207e+00
-2.331870e+00
1.463568e-01
-5.639559e-01
-1.652986e+00
-1.345720e+00
-6.442971e-01
-5.170421e-01
-1.358977e+00
-1.486737e+00
-1.886117e+00
-4.203911e-01
-4.217174e-01
-1.589334e+00
-1.981360e+00
-6.963854e-01
-1.615894e+00
-6.196238e-01
-1.834937e+00
-1.077067e+00
-8.308900e-01
8.575917e-02
-1.528051e+00
-1.382255e+00
-1.020798e+00
-1.698254e+00
-8.564531e-01
-5.829743e-01
-2.885175e+00
-7.919583e-01
-1.207622e+00
-1.091118e+00
1.066256e+00
-1.328152e+00
-1.265438e+00
-1.330522e+00
-1.079637e+00
5.436589e-02
-6.588409e-01
2.876371e-01
-2.638224e-01
-3.439484e-01
-1.730423e+00
-9.742670e-01
-9.361840e-01
-1.646406e+00
-8.139294e-01
-4.012760e-01
-1.645648e+00
-7.276730e-01
-1.515627e-01
-8.654364e-01
-1.243077e+00
-1.108897e+00
-7.128567e-01
-1.253949e+00
-6.537901e-01
-1.378652e+00
-2.746726e-01
-1.648671e+00
-1.068214e+00
-8.837739e-01
-9.424494e-01
-1.086303e+00
-1.821062e+00
3.601908e-01
-8.947005e-01
-1.799532e+00
-7.389495e-01
-4.929278e-01
-5.902032e-02
-1.328656e+00
-1.229458e+00
-9.519752e-01
-2.091527e+00
-1.903213e-01
-9.343684e-01
-5.023466e-01
-4.570620e-01
-1.105498e+00
-7.408960e-01
-3.688126e-01
-1.553282e+00
-1.534463e-01
-1.528276e+00
-9.635428e-01
-3.278214e-01
1.829772e-01
-8.011688e-01
5.818843e-01
-1.210879e+00
3.720099e-02
-3.942461e-01
-5.682104e-01
1.639751e+00
-1.599074e+00
-1.319371e+00
-6.130243e-01
-4.477946e-01
-9.752110e-02
-9.164360e-01
-1.661058e+00
-7.772588e-01
-1.461763e+00
-1.065251e+00
2.061146e+00
5.478447e-01
-4.736111e-01
-3.383657e-01
-1.722752e-01
2.037228e+00
-2.834139e-01
2.853068e-01
7.678159e-01
1.360705e+00
6.704007e-01
9.156497e-01
1.289341e-02
7.840451e-01
4.520279e-01
-1.053601e+00
-1.445970e+00
-2.160869e-02
-1.381783e-01
2.486615e-01
-2.780082e-01
8.259110e-01
7.715254e-01
4.285244e-01
-1.004536e+00
-2.287421e-01
3.837541e-01
2.375528e-01
7.549060e-01
9.510509e-01
9.642948e-01
1.452668e+00
-2.896782e-01
1.324413e-01
2.091084e+00
8.552666e-01
-1.099419e+00
1.417635e+00
6.896509e-01
1.275722e+00
2.424767e-01
8.439062e-01
9.042252e-02
-2.659379e-01
-1.441067e+00
5.388561e-01
3.017992e-01
6.803541e-01
7.910215e-02
2.795875e-01
7.606730e-01
1.376561e+00
1.807728e+00
9.266056e-01
2.743546e-01
-4.411786e-01
5.857983e-01
-1.589680e+00
6.212124e-01
8.004575e-01
1.031564e+00
2.905402e-01
2.817225e-04
1.621156e+00
8.204745e-03
-5.388699e-01
9.094852e-01
8.665845e-01
1.009161e-01
-6.980554e-02
1.166206e-01
-3.554497e-01
-9.431838e-02
7.540222e-01
1.571491e+00
3.448627e-01
1.350819e+00
2.804878e-01
9.015541e-01
-2.580252e-02
-1.106291e+00
8.172279e-01
-1.149707e+00
-1.192230e+00
-1.698900e-01
1.145768e+00
-2.585408e-01
5.957887e-01
-2.302974e-01
8.860312e-01
8.357195e-01
1.197378e+00
-1.088978e-01
1.035541e+00
3.457777e-01
5.084430e-01
1.308895e+00
5.424443e-01
8.834772e-01
-4.757766e-02
5.097501e-01
2.144065e-01
-2.464917e-01
-7.640899e-02
3.059594e-01
2.826276e-01
3.222423e-02
4.192158e-01
1.359549e+00
-1.398077e+00
8.057197e-01
3.276069e-01
-3.067692e-01
-1.008475e+00
-6.068659e-01
-8.095248e-01
-1.286103e+00
-6.033257e-01
-9.446203e-01
-5.940749e-01
-1.868160e+00
-4.807074e-01
1.805338e-01
2.863657e-01
-3.812909e-01
1.204809e+00
8.766622e-02
1.725359e+00
-1.602771e-01
9.401422e-01
-1.619925e+00
-1.323792e+00
-4.030161e-01
2.786910e-01
8.260125e-01
-7.597527e-01
3.640505e-01
-1.305869e+00
-2.181367e-01
-1.195250e+00
-3.798628e-01
-6.502203e-01
1.758283e+00
5.275077e-01
-3.434253e-01
-1.091034e+00
1.497366e+00
-1.310949e+00
-1.770289e+00
-3.781893e-01
2.636757e-01
-1.178970e-02
-8.540615e-01
3.826464e-01
-1.402133e+00
-1.131887e+00
-1.170235e+00
-1.117499e+00
1.015636e-01
-7.723808e-02
-1.659603e+00
-5.356678e-01
-5.952481e-01
-1.883070e+00
-4.692466e-01
4.236352e-01
2.333349e-01
-2.725236e-01
2.020436e-01
-5.532138e-02
-1.209618e+00
-4.185238e-01
-7.949155e-01
-1.809009e-01
9.313626e-01
-1.248455e+00
-1.164502e-01
7.509058e-01
-7.717109e-01
7.967337e-02
-1.813066e+00
-1.190550e+00
-5.789413e-01
4.615547e-01
-1.004495e+00
-9.558463e-01
-1.766374e-01
1.350205e-02
-9.961455e-01
-8.992836e-01
-1.001150e+00
-7.598991e-01
-6.711541e-01
-4.026786e-01
-1.933516e+00
-5.016674e-02
-1.816144e+00
-6.227940e-01
4.260733e-01
-5.068435e-01
-8.084741e-01
-8.208809e-01
1.983772e-01
-1.167605e+00
-9.135636e-01
-1.043138e+00
1.205729e+00
-4.443715e-01
-1.550817e-01
-3.490604e-01
-6.540316e-03
2.234813e-01
-1.367865e+00
2.176981e-01
3.398477e-01
6.149782e-01
-2.378241e+00
3.703864e-01
5.916137e-02
-5.328612e-01
2.366423e-01
-2.159006e+00
-2.690879e+00
-7.504621e-02
-9.895207e-01
-8.652640e-01
-1.064947e+00
-6.395542e-01
-2.812803e+00
-9.058135e-01
-5.354640e-01
1.484969e-01
1.878591e-01
-1.315579e+00
2.186660e-01
-1.232200e+00
-1.570117e+00
-8.164756e-01
5.789467e-01
-1.091019e+00
-1.356869e+00
1.359482e-01
-2.302707e-01
-1.716207e+00
-1.205302e+00
4.074398e-01
-9.332434e-01
-1.285965e+00
1.389362e-01
8.625041e-01
-8.198130e-01
-1.406934e+00
-1.956201e+00
2.331710e-01
-1.493809e+00
1.079145e+00
9.396961e-01
-1.481492e+00
-2.530847e-01
1.852036e-01
-1.162899e+00
3.660529e-01
-2.259073e+00
-1.140453e+00
2.334241e-01
2.141427e-01
-3.050857e-01
-5.144971e-01
2.313325e-01
4.308202e-01
1.084527e-01
-1.380069e+00
-4.213352e-01
1.705746e-01
3.110699e-02
1.792832e-01
-1.028506e-01
4.651700e-01
-4.396314e-01
4.546264e-01
-1.481318e+00
5.382680e-02
-1.053096e+00
-1.205253e+00
-5.836386e-01
-4.879162e-01
-1.106679e+00
-6.251502e-01
-1.731995e+00
2.454712e+00
-5.765847e-01
-2.045376e-02
-9.269568e-01
-1.265808e+00
-7.946681e-01
-2.413593e-01
-8.024932e-01
-1.876539e+00
-1.012182e+00
-1.519349e+00
-5.315492e-01
-2.109003e+00
-7.096828e-01
-1.033671e-01
-1.479630e+00
-6.884679e-01
-4.019702e-03
2.691226e-01
4.379500e-01
-5.681246e-01
-9.444500e-01
-6.707664e-01
-1.234890e+00
-1.715454e+00
-4.059544e-01
-1.253426e+00
-6.437300e-01
-1.568583e+00
2.453808e-02
-1.249084e+00
-4.250431e-01
-1.894220e-01
-5.277748e-01
-1.104737e+00
-1.591384e+00
-1.501839e+00
-3.449718e-01
-1.755809e+00
-8.589671e-01
-1.486685e+00
-2.979889e+00
-1.390164e+00
-9.964680e-01
-8.609998e-01
-1.578529e+00
-2.941263e-01
-3.530976e-01
-1.120432e+00
-1.607879e+00
-1.792174e+00
-1.195675e+00
-3.427261e-01
-1.459667e+00
-4.921796e-02
-3.357895e+00
1.895690e-01
7.285494e-01
-1.387670e+00
-9.077681e-01
5.685725e-01
6.765649e-01
1.617732e-01
5.196372e-01
-1.105899e+00
1.025261e+00
-6.829485e-01
-8.583255e-01
1.833988e+00
-7.749330e-02
7.854969e-01
-1.673392e+00
-1.353697e+00
-2.885603e-01
-1.539544e+00
-1.292772e+00
-1.471385e+00
3.378766e-01
-7.113601e-02
-1.114858e+00
-1.582516e+00
-1.483048e-01
-1.980208e+00
-4.515257e-01
-2.435663e-01
-7.577386e-01
-1.230038e+00
-1.861728e+00
-4.460954e-01
3.138590e-02
-1.149648e+00
-1.072527e+00
-5.495880e-01
1.277467e-01
-8.078107e-01
-2.254200e+00
-2.264339e-01
-7.261372e-01
-9.046280e-01
-9.789976e-01
-2.646748e+00
-2.381512e+00
-8.876150e-01
7.822812e-01
-9.166991e-01
-6.808283e-01
-1.975091e+00
-7.689747e-01
-6.581198e-01
-8.585259e-01
-4.735981e-02
-2.017853e+00
-5.639341e-01
-1.901666e+00
-1.004778e-01
-1.949551e-01
-9.028949e-01
-6.677830e-01
-1.211726e+00
-1.486363e+00
-1.186517e+00
-9.629328e-01
-1.752109e+00
-2.594003e+00
-1.580767e+00
-1.266197e+00
-4.710991e-01
-9.158706e-01
-1.510690e+00
-1.397011e+00
-1.586731e+00
-1.469937e+00
-2.364866e+00
9.814749e-01
-1.207215e+00
4.934563e-01
-1.144676e+00
-1.080870e+00
4.586378e-02
-9.831581e-01
-1.377587e+00
-8.287141e-01
-1.097386e+00
-1.490937e+00
1.579585e+00
6.658795e-01
1.794277e+00
1.718256e+00
-5.071933e-01
-7.370540e-01
7.793219e-01
-4.789084e-01
5.806592e-01
4.477640e-01
1.146572e+00
-2.523144e-01
6.938646e-01
9.713279e-01
1.435359e-01
1.690071e-01
1.167090e+00
-1.416854e-01
1.285244e+00
-4.088727e-01
-8.316212e-02
9.846829e-01
1.311140e+00
-1.987713e-01
-4.958356e-01
-9.668227e-02
1.905000e+00
1.307281e+00
-3.206556e-01
5.958424e-01
1.910918e+00
1.251571e+00
-1.589682e-01
-6.392277e-02
7.208945e-01
3.841180e-01
3.577008e-01
-3.681374e-01
2.938044e-01
2.339879e+00
1.176259e+00
1.331355e+00
-6.601454e-01
8.396967e-01
7.815279e-01
8.606663e-01
3.229695e-01
4.997489e-01
4.037513e-01
7.788402e-01
1.809163e+00
8.379653e-01
-1.494995e+00
-1.928133e+00
7.330314e-01
9.136488e-01
7.115068e-02
-5.531602e-02
9.967658e-01
1.769771e+00
8.061940e-01
-3.294830e-01
1.952808e+00
1.411528e+00
-1.531063e+00
-1.407923e+00
1.474427e+00
-3.605296e-01
9.911431e-01
7.264648e-01
1.286967e+00
-1.018863e+00
-9.298940e-01
5.008543e-02
-6.029686e-01
-1.252836e+00
-2.033574e+00
-1.703560e+00
-5.889494e-01
-1.399137e+00
-8.435944e-01
-1.051229e+00
-1.093479e+00
-1.155059e+00
-1.715361e+00
-2.883813e-01
-1.317666e+00
-1.441360e+00
-1.275931e+00
-2.071459e+00
-1.717503e+00
-5.716712e-01
-9.593769e-01
-1.500925e+00
1.403602e-01
1.690822e+00
-4.427679e-01
-8.001487e-01
-6.952055e-01
-8.018062e-01
4.695784e-02
-2.216805e+00
-3.111733e-01
-1.036566e+00
-1.072190e+00
-2.218174e-01
-1.106627e+00
-1.672804e+00
-4.388069e-01
-1.416090e+00
1.654073e+00
4.578511e-01
7.197240e-01
6.159842e-01
8.956367e-01
-1.936880e+00
-1.018356e+00
-5.362385e-01
-6.982329e-01
-3.425950e-01
9.234070e-01
-1.697654e+00
7.099820e-01
7.021722e-01
5.575705e-01
1.945417e+00
2.302092e+00
-1.698409e+00
1.054867e+00
8.852550e-01
-7.694216e-01
1.318475e+00
1.896419e-01
5.893230e-01
1.043482e+00
5.940077e-01
3.712737e-01
-4.236173e-01
1.770434e-01
-6.060400e-01
1.400889e+00
1.108486e+00
4.553964e-01
-4.936664e-01
1.069656e+00
1.856255e+00
1.398403e+00
4.147422e-01
8.867524e-01
-6.697848e-01
1.072761e+00
8.012224e-01
-2.018222e-01
4.188857e-01
5.751933e-02
9.692322e-01
-3.488939e-01
9.555727e-01
2.039625e+00
-4.500376e-01
5.106072e-01
-3.454840e-01
4.062356e-01
-6.955184e-01
1.263685e-01
-9.431024e-01
9.399052e-01
-6.948685e-01
1.277338e+00
-9.544570e-01
4.840839e-02
-3.045054e-01
-6.381389e-01
-5.717003e-01
-1.551636e+00
2.826843e+00
8.421687e-01
1.145215e+00
4.068732e-01
8.831707e-02
4.703769e-01
-2.250081e-01
2.974910e-01
7.836763e-01
1.338896e+00
-2.064706e+00
8.205026e-01
1.404088e+00
4.857885e-01
7.293721e-01
2.103710e+00
1.411132e+00
1.111433e+00
1.066159e+00
5.141031e-01
1.950470e+00
1.436303e+00
-2.170077e+00
-9.908344e-01
-3.015933e-02
1.551614e+00
3.128899e-01
1.236553e+00
-2.778676e-01
1.521448e+00
-3.151660e-01
1.274978e-01
-1.459398e-01
-9.785410e-03
8.615734e-01
7.293010e-01
-2.823031e-02
1.225492e+00
7.679644e-01
1.424289e+00
9.473716e-01
-3.209909e-03
-5.676183e-01
5.659377e-01
1.348769e+00
3.020376e-01
8.367479e-02
5.186251e-01
4.904848e-01
-6.266368e-01
-8.427824e-01
-2.366343e+00
-1.566942e+00
-1.416026e+00
-2.944027e-01
-2.340129e+00
-6.847491e-01
-7.203921e-01
9.825203e-02
-1.478130e+00
-1.639234e+00
-1.033198e+00
-2.136224e+00
-9.218734e-01
9.796897e-01
-1.651893e+00
-1.247986e+00
1.975534e+00
-3.958627e-01
-1.303120e+00
-1.279423e+00
-8.453802e-01
-7.223244e-01
-9.177085e-01
-1.173462e+00
-2.230257e+00
-1.375743e+00
-1.109218e+00
-1.431843e+00
-1.532681e+00
1.932175e+00
7.102493e-01
1.646128e+00
1.288656e+00
-9.967274e-01
-2.232653e+00
-3.232481e-01
-6.163325e-01
-1.944229e+00
-2.068999e+00
-6.500150e-01
-7.414803e-01
7.603269e-01
1.496973e+00
9.494880e-01
1.054499e-02
1.023109e+00
1.127784e+00
1.255642e+00
1.459150e+00
6.635523e-01
8.643713e-01
7.002113e-01
1.306415e+00
-4.241395e-01
9.377243e-01
1.094387e+00
1.484920e+00
5.039288e-01
-1.600242e+00
-1.101321e+00
2.122940e-01
7.878696e-02
2.064645e+00
-1.926852e-01
5.774188e-01
8.049505e-01
4.722079e-01
5.790768e-01
1.361339e+00
-8.229817e-01
1.442166e+00
-6.196917e-01
1.631407e+00
8.174586e-01
1.472378e+00
5.757190e-01
1.494982e+00
3.448372e-01
3.174914e-01
3.018942e-01
-6.950452e-02
8.204867e-01
1.695766e+00
4.827099e-01
5.110539e-01
-2.779391e-01
6.505696e-01
-4.135231e-01
-7.335690e-03
7.355953e-01
1.032157e+00
-1.511364e-01
-5.666715e-01
-1.834836e-01
1.242656e+00
1.519927e-01
1.353058e-01
2.343178e+00
-3.905436e-01
-1.232728e+00
1.274529e+00
1.467440e+00
-9.634087e-01
-5.912846e-01
1.748008e+00
2.872341e-01
1.179856e+00
7.839285e-01
2.051296e+00
4.395283e-01
2.274427e+00
2.404952e-01
5.466361e-02
1.485748e+00
1.185488e+00
1.377435e+00
1.029154e+00
1.281514e+00
1.160703e+00
1.470588e+00
1.304934e+00
-8.065731e-01
1.995087e-01
-1.556198e-01
-2.185253e-01
-6.246976e-01
-1.973659e+00
5.571295e-01
1.154915e+00
3.164870e-01
1.928011e+00
1.371643e+00
1.479427e+00
7.840799e-01
6.145074e-01
-1.395966e-01
-4.866329e-01
6.663770e-01
1.572545e+00
1.666233e+00
-4.183668e-01
1.785315e+00
1.381550e+00
1.100207e+00
6.591575e-01
9.538988e-01
4.191727e-01
5.340935e-01
1.254480e+00
3.277262e-02
1.272259e+00
8.889870e-01
1.197880e+00
4.290715e-01
1.785827e+00
7.340817e-01
9.227840e-01
8.520503e-01
2.855508e-01
9.894789e-01
8.194668e-01
1.592242e+00
1.570290e+00
-3.759640e-01
1.700867e-01
-3.801895e-01
2.489150e-01
2.696120e-01
7.409608e-01
-4.355350e-01
2.461235e+00
1.897276e+00
2.462827e-02
-1.662477e-02
1.962678e+00
1.475055e+00
1.864162e+00
1.556048e+00
1.912444e+00
1.675267e+00
1.187071e+00
-2.157180e-01
1.131391e+00
1.607260e+00
7.886175e-01
1.038868e+00
-1.461254e+00
-4.068689e-01
-2.743790e-01
-6.132329e-02
-6.219274e-01
-1.346031e+00
-1.212034e+00
-2.545941e+00
-7.000074e-01
-9.031298e-01
1.186456e+00
1.386037e+00
2.125712e+00
1.452958e+00
4.909228e-02
2.105752e+00
-1.849958e+00
2.956699e-01
-4.623079e-01
-8.892988e-01
5.583778e-01
-2.031700e+00
-1.454866e+00
-7.774822e-01
6.495393e-01
6.453133e-01
-1.270499e+00
1.925071e-01
-2.285338e+00
3.709911e-01
1.395662e+00
2.367761e+00
5.313318e-01
2.505212e-01
1.241199e-01
1.470896e+00
-8.654324e-03
2.178173e-01
8.272579e-01
2.094056e-02
3.918253e-01
-3.841938e-02
-2.100595e-01
-6.827829e-01
9.653026e-01
-4.604282e-01
1.030933e+00
3.127078e-01
1.538602e+00
-3.598574e-01
5.763892e-01
8.631767e-01
1.383896e+00
-1.517548e+00
1.244157e+00
8.313529e-01
-1.594698e-01
4.339320e-01
6.406850e-01
-1.809581e+00
-8.583568e-01
-3.675894e-01
-4.940215e-01
3.924317e-01
-4.125035e-01
8.343693e-01
-1.053203e-01
1.317125e+00
1.897617e+00
5.540533e-01
7.931761e-01
1.119814e+00
2.207735e+00
1.801102e+00
1.206709e+00
9.669813e-01
1.578415e+00
9.215211e-01
1.637005e+00
2.256524e+00
1.348825e+00
1.014263e-01
1.218062e+00
1.349889e+00
2.191554e+00
1.046144e+00
2.333656e+00
2.053678e+00
1.772885e+00
1.589094e+00
1.544299e+00
1.125195e+00
1.045821e+00
2.118465e+00
1.716807e-01
3.859128e-01
8.463507e-01
1.567308e+00
1.399417e+00
5.636500e-01
6.187678e-01
9.119281e-01
5.422312e-01
1.811587e+00
9.565196e-01
-4.566532e-01
1.408462e+00
8.126779e-01
2.284100e+00
1.672623e-01
-1.163488e+00
2.021980e+00
1.921178e+00
1.538293e+00
3.725096e-01
2.234289e+00
1.682626e+00
6.758815e-01
6.886993e-01
2.233387e+00
1.384215e+00
1.497943e+00
4.287582e-01
8.556699e-01
-2.129189e-01
-7.293896e-01
-2.740953e-01
8.060548e-02
7.725894e-01
4.434724e-01
-1.061429e+00
-4.453282e-01
6.714777e-02
1.302747e+00
3.119220e+00
5.001128e-01
1.168061e+00
1.414698e+00
1.773071e+00
1.278919e+00
2.981553e+00
3.570619e-01
8.014980e-01
1.574804e+00
6.032108e-01
2.229633e+00
7.034785e-01
3.332848e+00
2.994388e-01
1.663878e+00
1.143434e+00
1.136324e+00
8.253425e-01
-6.749703e-02
1.082615e+00
4.895589e-01
9.565140e-01
9.515276e-01
7.929191e-01
2.099378e-01
1.247896e+00
1.160946e+00
8.626999e-01
1.471069e+00
2.506771e+00
1.772380e+00
8.214764e-01
4.959820e-01
1.028526e+00
1.088929e+00
1.458947e+00
1.284485e+00
7.737377e-01
1.906373e+00
7.131770e-01
1.562600e+00
7.749245e-01
1.897151e+00
1.047961e+00
1.909395e+00
1.055041e+00
1.427551e+00
1.173533e+00
8.809420e-01
1.496692e+00
1.049712e+00
1.150845e+00
1.894784e+00
1.454782e+00
1.288833e+00
1.011629e+00
1.747740e+00
1.334956e+00
1.568439e+00
5.247319e-01
1.268064e-01
1.430947e+00
2.145483e+00
-3.995739e-01
2.420738e+00
1.102204e+00
1.284177e+00
1.870636e+00
1.428882e+00
6.362780e-01
1.725456e+00
2.305760e+00
1.794528e+00
8.691663e-01
6.061032e-01
5.134505e-01
7.737524e-01
1.707318e+00
1.226094e+00
2.082938e+00
2.140074e-01
1.681842e+00
1.117541e+00
1.853862e-01
6.255206e-02
-2.689386e+00
-5.969332e-01
-1.335068e+00
1.093039e-01
5.185138e-01
1.316811e+00
1.419279e+00
7.608416e-01
5.196091e-01
1.043476e+00
6.408716e-01
2.591313e+00
2.694193e-01
8.439267e-01
6.978573e-01
1.292893e+00
9.804316e-01
1.432970e+00
8.839395e-01
6.537669e-01
-4.520592e-01
3.264494e+00
6.522016e-01
5.147116e-01
2.417263e+00
1.607413e+00
2.356115e-01
-5.721086e-01
2.461979e+00
1.475854e+00
9.921838e-01
-1.099379e-01
1.709480e+00
1.560856e+00
5.539294e-01
1.370420e+00
7.374783e-01
1.139489e+00
2.353909e-01
1.846638e+00
2.293365e+00
7.528473e-01
1.720885e+00
4.375392e-01
-2.685202e-01
-6.649597e-02
8.247946e-01
1.847190e+00
7.790381e-01
9.670382e-01
7.482132e-01
2.255039e+00
1.561695e+00
1.395433e+00
1.507329e+00
2.168654e+00
1.741372e+00
-5.778840e-01
8.097485e-01
1.556588e+00
1.401216e+00
1.334024e+00
1.435349e+00
1.665154e+00
1.537941e+00
7.304605e-01
1.714858e+00
2.014066e+00
2.612777e+00
8.669248e-01
1.087252e+00
8.730004e-01
1.046958e+00
1.227981e+00
1.757189e+00
1.757898e-01
1.328202e+00
1.688358e+00
1.915559e+00
1.333859e+00
1.577617e+00
5.951611e-01
-7.898368e-01
-2.025575e+00
-4.286080e-01
8.247124e-01
3.118639e-01
2.252544e+00
3.773294e-01
6.510004e-01
3.120514e-01
3.650085e-01
6.451105e-01
8.375866e-01
5.030531e-01
2.264556e+00
2.291078e+00
4.892450e-01
1.074874e+00
1.432334e+00
3.367453e-01
6.668257e-01
6.406487e-01
1.152163e+00
1.815677e+00
2.062332e+00
2.250885e+00
7.133193e-01
4.232464e-01
1.012065e+00
9.021165e-01
-3.072876e-01
-1.160120e+00
1.282782e+00
1.700988e-01
-1.554967e+00
-1.327517e+00
5.505099e-01
-1.111743e+00
4.609055e-01
-1.178002e+00
4.798281e-01
8.245353e-01
4.229256e-03
1.078825e+00
-1.997422e+00
1.469767e+00
-3.052446e-01
-4.045150e-01
-1.121447e+00
5.371604e-01
-4.811173e-01
-5.934396e-01
2.866645e-01
2.001547e-01
-1.009303e+00
-4.736572e-01
-1.813516e+00
-7.161165e-01
1.980225e-02
-1.149676e+00
-7.710483e-01
-1.365327e+00
4.161830e-01
-2.484741e-01
3.495881e-01
-4.487586e-01
-2.531610e-01
-5.749329e-01
-6.028587e-01
-7.018702e-01
7.330512e-01
-6.107380e-01
-2.074479e-02
2.429882e-02
-1.074871e+00
-2.830001e-01
6.900125e-01
2.638768e-01
4.971738e-01
-2.672855e-02
-2.916667e-01
3.243783e-01
8.000113e-01
-9.798459e-01
-1.410545e+00
-9.874219e-01
-2.934286e-02
-9.592685e-03
-1.984475e-01
-6.398374e-01
-9.226709e-01
-1.698929e+00
-2.194051e-01
6.558013e-01
4.202003e-02
-1.742876e+00
-7.609608e-01
-2.534114e+00
-1.556430e-01
-1.217550e+00
-5.149537e-01
-1.558143e+00
-2.042191e-01
-1.247091e+00
5.821661e-02
1.603219e-01
2.635677e-01
2.390667e-01
1.343286e+00
1.443243e-01
-1.584628e+00
-6.566856e-01
2.703040e-01
-4.016725e-01
-4.605687e-02
-1.724576e+00
-3.019904e-02
7.339259e-01
-8.227564e-01
-6.824924e-01
-8.865578e-01
4.984055e-01
6.586046e-02
1.431685e+00
-7.348650e-01
3.705006e-01
-1.435114e+00
4.239279e-01
2.827158e-01
-4.928171e-01
1.376885e-01
9.878162e-01
-7.788703e-01
-1.310377e+00
-1.047934e-01
2.723666e-01
9.184346e-01
4.327366e-01
-1.311914e+00
-7.930145e-01
-4.028099e-01
-4.387330e-01
1.018993e+00
-9.910690e-01
-9.824903e-01
-4.910345e-01
-9.626026e-01
1.017444e+00
-5.481192e-01
-2.360712e-02
-7.512081e-02
-5.909921e-01
-6.798992e-01
-1.520250e+00
-1.184284e+00
-1.823900e+00
-1.053348e+00
-6.845972e-01
3.501573e-01
-1.392732e-01
-1.323586e+00
3.576447e-01
-3.530668e-01
3.141722e-01
-1.156839e+00
-1.256451e+00
-1.016446e+00
5.765513e-01
-9.925396e-01
-1.093575e+00
-2.590831e-01
2.526565e-01
-1.060588e+00
-9.604562e-01
7.343005e-01
-8.671029e-01
-1.658273e-01
1.150027e+00
-8.059739e-01
-6.650563e-01
-4.999285e-01
1.907677e-01
-8.423345e-01
6.839423e-01
-1.575578e+00
1.470970e-01
6.774385e-01
-1.377724e+00
-3.186279e-01
6.095136e-01
2.168242e-01
-1.129413e+00
1.244292e+00
-3.302531e-01
6.819994e-01
-7.309947e-01
-1.085289e+00
4.240739e-01
1.057983e-01
-8.891834e-01
-1.248268e+00
-3.937846e-01
-1.695580e+00
1.027034e+00
-1.557743e+00
4.235015e-01
8.144380e-01
-4.581319e-01
-4.641463e-01
-1.185290e-01
-3.473308e-01
-7.691176e-01
7.838590e-01
3.942347e-01
-4.128792e-01
9.588784e-01
4.681920e-01
-3.330264e-01
-1.040127e+00
1.493216e+00
2.691011e-01
1.901197e-01
-8.973081e-01
-9.845947e-02
-7.300118e-01
-1.261258e+00
-3.115663e-01
-1.463522e+00
3.173912e-01
7.719543e-01
6.422103e-01
1.627134e+00
-7.872812e-01
-4.454557e-01
-1.085804e-01
-4.191632e-01
-4.846467e-01
6.350078e-01
-2.486605e-01
-8.346058e-01
-2.460227e+00
-4.432431e-02
-8.445086e-02
9.774071e-01
1.039332e+00
-1.157588e+00
2.492825e-01
-4.255882e-01
2.149472e+00
-8.276437e-01
2.360193e-01
9.106267e-03
-3.083053e-02
8.505362e-01
-8.717688e-01
-4.417146e-01
-9.102832e-01
-2.105855e+00
-7.953475e-01
7.643405e-02
-1.251218e-01
-9.720584e-01
1.065010e+00
1.440854e+00
-2.434656e-01
-6.144162e-01
8.993817e-01
-1.521137e+00
-3.001453e-01
1.103404e-01
-2.313195e-01
-2.655188e-01
-3.921974e-01
6.538684e-01
-1.014545e+00
-2.087408e-01
-6.411932e-01
7.388672e-01
2.281244e-01
2.493032e+00
-1.219576e+00
-1.115664e+00
-5.656926e-02
8.728103e-01
7.641766e-01
-8.826768e-01
-6.817883e-01
-9.944788e-01
2.821655e-01
6.435732e-01
3.718948e-02
2.010486e-01
3.042728e-01
-1.445745e+00
7.053039e-01
-1.784458e-01
1.221322e+00
-1.766092e+00
-1.188874e+00
7.215330e-02
-5.132647e-01
-2.511636e-01
-1.267705e+00
-1.055562e+00
-3.552345e-01
-4.343040e-01
1.135111e-01
-5.760014e-01
2.821124e-02
3.168343e-01
1.409718e-01
1.317441e-01
3.086112e-01
6.210137e-01
1.248620e+00
4.299542e-01
4.384848e-01
-1.535105e+00
-3.622630e-01
-1.129009e+00
2.027184e-01
3.437498e-01
-5.773247e-01
-6.718568e-01
3.827643e-01
-1.084108e+00
-1.487677e-01
-1.388426e+00
-9.987922e-02
-2.032467e+00
2.651830e-01
-1.736062e+00
-6.624950e-01
6.594650e-01
-6.209625e-01
-6.015685e-01
3.389177e-01
1.547432e-02
1.477480e-01
-8.358140e-01
-2.179350e+00
-6.376257e-01
-2.525929e+00
-7.199371e-01
-1.040842e+00
-3.836726e+00
-1.405315e+00
-3.013665e-01
-6.100195e-01
-1.583782e+00
1.806250e-01
-7.110990e-01
-9.952230e-01
-1.258341e+00
-9.376116e-01
-8.517713e-01
-1.386471e+00
-1.143957e+00
-1.865029e+00
-9.638565e-01
-8.331030e-01
-1.692214e+00
3.921348e-01
-1.527623e+00
4.642432e-01
-1.196409e+00
-3.544640e-01
-4.509126e-01
-2.489077e+00
-4.211961e-01
1.210276e-02
-4.182317e-01
-2.607054e-01
-1.997225e+00
-5.653292e-01
-1.678650e+00
-3.042791e-01
-1.101239e+00
-9.402973e-01
-1.666595e+00
-1.982196e+00
-6.254938e-01
-6.202842e-01
-1.106989e+00
-1.838456e+00
-1.027938e+00
1.525340e-01
-7.703628e-01
-1.001655e+00
-2.385041e+00
-2.517812e+00
-1.677894e+00
-1.546495e-01
-5.793877e-01
-1.444212e-01
1.687842e-01
-2.765049e+00
-4.996358e-01
-2.161250e+00
-8.494117e-01
-9.608816e-01
-2.801356e+00
2.663582e-01
-7.806839e-01
-1.721987e+00
-1.874476e+00
-1.122080e+00
-1.581404e+00
-1.601548e+00
-1.949030e+00
-8.624492e-01
-7.260490e-01
-1.612408e+00
-4.000185e-01
-4.287123e-01
-3.944002e-01
-1.913062e+00
-8.939730e-01
3.042088e-01
-9.451954e-01
-1.491562e+00
3.664717e-01
-8.278601e-01
-1.131900e+00
-9.477703e-01
-1.281849e+00
-3.693391e-01
-1.364781e+00
3.505811e-01
-1.395697e+00
-1.224730e+00
-1.619203e+00
-5.017611e-01
-2.738816e-01
-8.956000e-01
-2.327639e+00
-9.469095e-01
-2.471306e+00
-2.177129e-01
5.913260e-01
-1.393574e+00
-1.285024e+00
2.107223e+00
2.107282e+00
2.348675e+00
9.679562e-01
1.716645e+00
7.248812e-01
8.511638e-01
3.404739e-02
7.275404e-01
2.157806e+00
3.846403e-01
-3.723809e-02
1.067775e+00
1.219913e+00
1.170998e+00
4.779866e-01
2.127755e+00
-1.776283e-01
1.016949e+00
-3.492316e-01
-6.261977e-01
-4.379867e-01
5.124318e-01
-5.745002e-01
-2.721490e-01
9.281862e-01
6.665673e-01
1.037395e+00
1.272212e+00
5.146031e-01
-5.749307e-01
-2.646037e-01
2.311008e-01
2.244734e-01
1.363931e+00
8.171332e-01
5.492438e-01
3.068738e-01
9.451611e-02
-1.031586e-01
7.527212e-01
7.304771e-01
1.275286e+00
-4.290205e-01
-6.875747e-01
1.095593e+00
6.445558e-01
-4.091104e-02
4.421146e-01
6.984061e-01
9.800532e-02
-8.314810e-01
1.304369e+00
-1.271314e+00
2.633124e-01
-6.181079e-01
-2.908590e-01
2.051037e-01
7.436675e-01
1.549654e-01
6.814435e-01
1.353440e+00
5.684108e-01
-6.052363e-01
-2.443238e-02
1.163015e+00
-6.209670e-01
2.311981e-01
1.679868e+00
4.127859e-01
-2.788922e-01
-1.386540e+00
-1.108031e+00
-1.807221e-01
7.577260e-01
1.436087e-01
-8.201271e-01
1.825181e-01
5.927996e-01
1.352546e+00
1.835165e+00
3.188849e-01
5.969153e-01
6.853677e-01
4.176851e-01
-3.112091e-01
1.583486e+00
2.403913e-01
1.506243e+00
-1.759547e-03
-1.018122e+00
9.097876e-01
3.260171e-01
8.795822e-01
1.454451e+00
5.079414e-01
4.354023e-01
-4.145640e-01
-7.739973e-02
6.071886e-01
3.398483e-01
-6.409497e-01
2.072285e-01
9.044246e-01
7.401434e-01
-4.893498e-01
1.713097e+00
-5.199715e-01
-7.937825e-03
7.750164e-01
1.104357e+00
-1.269229e-01
4.495285e-01
-2.657198e-01
-1.893638e-01
-1.226752e+00
-2.268761e-01
-2.622772e-01
-2.359671e-01
2.954103e-01
1.064612e+00
1.842594e-01
3.672317e-01
1.106207e+00
1.732964e+00
1.422565e+00
1.369430e+00
-2.314932e-01
1.610742e+00
1.618761e+00
1.027335e+00
1.551680e+00
1.393055e+00
8.417273e-01
8.334062e-01
1.370400e+00
1.226080e-01
9.098055e-02
1.040164e+00
-4.090864e-01
8.121333e-01
2.323667e+00
9.322298e-01
1.620955e+00
6.943285e-01
2.086710e+00
-8.357532e-01
1.686881e+00
1.161720e+00
6.504337e-01
1.181942e+00
1.281515e+00
-1.593247e-01
1.852833e+00
1.197621e+00
6.774055e-01
1.026475e+00
1.288414e+00
6.572106e-01
1.691834e+00
1.915279e-01
1.442741e+00
1.069073e+00
9.336029e-01
1.074859e+00
7.956713e-01
7.363775e-01
1.233488e+00
1.021039e+00
1.097232e+00
2.181998e-01
-4.327512e-02
-3.138926e-01
-1.083272e-01
7.848350e-01
4.576034e-01
1.776360e-02
2.879440e-01
5.382450e-01
-5.165926e-02
7.632599e-03
3.708505e-01
1.639571e+00
2.830262e-01
1.305388e+00
1.093707e-01
5.255584e-01
2.297726e-01
1.795764e+00
8.327582e-01
2.654092e-01
4.719277e-01
1.093283e+00
2.458578e+00
1.294131e+00
-7.526284e-03
1.986986e-01
9.037410e-01
5.546772e-01
1.252779e-01
1.478125e+00
-6.083063e-02
8.121317e-01
4.559679e-01
-9.058510e-01
8.030616e-01
2.051603e+00
5.265441e-01
8.379629e-01
5.978198e-01
-1.355509e-01
6.423879e-01
8.513217e-01
1.405531e+00
1.101793e+00
5.590445e-01
1.010038e-01
-1.701857e-01
4.673045e-01
-5.823471e-01
8.546808e-01
3.227264e-01
1.456291e+00
5.658780e-01
1.308738e+00
9.625663e-01
4.878759e-01
1.080746e+00
1.367986e+00
1.780675e+00
6.250495e-01
1.679584e+00
7.819287e-01
2.234680e+00
6.399306e-01
8.176479e-01
6.882725e-01
1.463843e+00
1.203875e+00
-9.773369e-02
1.440493e+00
9.697941e-01
1.234500e+00
7.536428e-01
6.307563e-01
-4.557311e-02
-1.097947e-01
1.047618e-02
-2.814834e-01
4.803086e-01
1.039511e+00
5.222779e-02
1.597708e+00
